0	2
1	1
2	1
3	2
4	2
5	2
6	2
7	1
8	0
9	2
10	2
11	1
12	0
13	2
14	1
15	2
16	2
17	1
18	1
19	2
20	2
21	1
22	2
23	1
24	1
25	1
26	0
27	2
28	1
29	1
30	2
31	2
32	1
33	2
34	1
35	2
36	1
37	1
38	2
39	2
40	2
41	2
42	1
43	2
44	2
45	1
46	2
47	2
48	2
49	1
50	2
51	0
52	2
53	0
54	1
55	2
56	1
57	2
58	2
59	2
60	0
61	1
62	0
63	2
64	2
65	2
66	1
67	2
68	1
69	2
70	1
71	1
72	2
73	0
74	1
75	1
76	2
77	2
78	2
79	2
80	1
81	2
82	2
83	2
84	1
85	0
86	1
87	1
88	2
89	1
90	1
91	2
92	1
93	2
94	0
95	0
96	2
97	1
98	0
99	1
100	2
101	1
102	2
103	0
104	1
105	2
106	1
107	2
108	2
109	2
110	2
111	2
112	0
113	1
114	1
115	1
116	2
117	2
118	2
119	2
120	1
121	1
122	1
123	0
124	1
125	2
126	2
127	1
128	1
129	1
130	1
131	1
132	1
133	1
134	2
135	1
136	2
137	0
138	0
139	2
140	0
141	2
142	1
143	1
144	2
145	1
146	2
147	1
148	0
149	1
150	1
151	2
152	1
153	1
154	2
155	1
156	2
157	1
158	1
159	2
160	2
161	2
162	1
163	2
164	2
165	2
166	2
167	1
168	0
169	2
170	2
171	2
172	1
173	1
174	1
175	0
176	1
177	2
178	2
179	1
180	1
181	1
182	2
183	0
184	2
185	1
186	2
187	1
188	2
189	0
190	2
191	1
192	2
193	1
194	2
195	2
196	2
197	1
198	2
199	0
200	2
201	1
202	1
203	0
204	2
205	1
206	1
207	0
208	1
209	0
210	2
211	0
212	1
213	0
214	0
215	2
216	2
217	1
218	1
219	2
220	1
221	1
222	2
223	2
224	2
225	2
226	2
227	2
228	1
229	1
230	2
231	2
232	2
233	2
234	0
235	1
236	2
237	2
238	1
239	2
240	1
241	2
242	1
243	1
244	2
245	2
246	2
247	1
248	1
249	2
250	1
251	1
252	2
253	1
254	2
255	1
256	2
257	2
258	2
259	0
260	2
261	0
262	1
263	1
264	1
265	1
266	1
267	1
268	1
269	2
270	1
271	0
272	2
273	1
274	1
275	1
276	1
277	2
278	1
279	0
280	2
281	0
282	2
283	2
284	1
285	1
286	1
287	1
288	1
289	1
290	2
291	2
292	1
293	2
294	1
295	2
296	1
297	1
298	1
299	2
300	2
301	1
302	2
303	2
304	2
305	1
306	2
307	1
308	1
309	2
310	2
311	2
312	0
313	1
314	2
315	1
316	2
317	2
318	1
319	2
320	2
321	2
322	1
323	2
324	2
325	1
326	2
327	2
328	2
329	2
330	2
331	1
332	2
333	0
334	2
335	1
336	1
337	2
338	2
339	2
340	1
341	0
342	1
343	2
344	1
345	2
346	1
347	1
348	1
349	2
350	2
351	0
352	2
353	2
354	2
355	1
356	0
357	0
358	0
359	2
360	1
361	2
362	2
363	0
364	1
365	1
366	1
367	1
368	1
369	1
370	2
371	2
372	1
373	1
374	1
375	2
376	1
377	2
378	2
379	1
380	2
381	1
382	1
383	2
384	1
385	1
386	1
387	2
388	1
389	2
390	1
391	1
392	2
393	1
394	1
395	2
396	0
397	1
398	1
399	2
400	2
401	2
402	1
403	2
404	1
405	1
406	2
407	0
408	1
409	2
410	0
411	2
412	2
413	1
414	1
415	1
416	1
417	2
418	1
419	1
420	1
421	2
422	1
423	1
424	1
425	1
426	1
427	2
428	2
429	2
430	0
431	2
432	0
433	1
434	1
435	1
436	2
437	2
438	1
439	2
440	1
441	1
442	2
443	1
444	1
445	1
446	1
447	1
448	1
449	0
450	0
451	0
452	2
453	1
454	1
455	2
456	2
457	1
458	2
459	2
460	1
461	2
462	2
463	2
464	2
465	1
466	2
467	2
468	2
469	1
470	2
471	2
472	0
473	2
474	2
475	1
476	2
477	2
478	1
479	1
480	1
481	2
482	1
483	1
484	1
485	2
486	2
487	1
488	2
489	2
490	1
491	1
492	0
493	2
494	2
495	1
496	1
497	2
498	0
499	2
500	2
501	2
502	2
503	1
504	2
505	2
506	0
507	2
508	1
509	1
510	0
511	2
512	1
513	2
514	1
515	1
516	1
517	1
518	1
519	0
520	0
521	1
522	0
523	1
524	2
525	2
526	0
527	0
528	1
529	2
530	1
531	1
532	1
533	2
534	1
535	1
536	2
537	2
538	1
539	1
540	1
541	1
542	2
543	1
544	1
545	1
546	1
547	1
548	2
549	2
550	1
551	1
552	1
553	2
554	1
555	1
556	2
557	2
558	2
559	1
560	2
561	1
562	1
563	1
564	0
565	2
566	2
567	1
568	1
569	2
570	1
571	2
572	2
573	2
574	1
575	2
576	0
577	2
578	1
579	2
580	2
581	1
582	2
583	1
584	2
585	1
586	0
587	2
588	1
589	1
590	1
591	1
592	1
593	0
594	1
595	2
596	1
597	2
598	0
599	2
600	1
601	1
602	0
603	2
604	1
605	1
606	2
607	2
608	1
609	1
610	1
611	1
612	1
613	0
614	2
615	1
616	2
617	1
618	1
619	1
620	0
621	1
622	1
623	1
624	2
625	1
626	2
627	1
628	2
629	2
630	1
631	2
632	1
633	1
634	2
635	1
636	1
637	2
638	1
639	1
640	1
641	2
642	1
643	1
644	1
645	1
646	2
647	2
648	2
649	0
650	2
651	1
652	1
653	2
654	2
655	2
656	2
657	2
658	2
659	0
660	1
661	2
662	1
663	1
664	1
665	1
666	1
667	2
668	1
669	0
670	1
671	2
672	2
673	2
674	1
675	2
676	2
677	2
678	0
679	0
680	1
681	1
682	1
683	1
684	2
685	1
686	2
687	2
688	1
689	2
690	1
691	2
692	1
693	1
694	1
695	1
696	2
697	1
698	1
699	1
700	0
701	1
702	1
703	0
704	2
705	1
706	1
707	1
708	2
709	2
710	2
711	0
712	0
713	0
714	1
715	1
716	0
717	1
718	1
719	1
720	1
721	2
722	2
723	1
724	1
725	2
726	1
727	1
728	2
729	0
730	2
731	2
732	1
733	0
734	1
735	1
736	0
737	2
738	1
739	1
740	2
741	2
742	1
743	1
744	1
745	1
746	2
747	0
748	1
749	1
750	0
751	1
752	2
753	0
754	1
755	1
756	1
757	2
758	2
759	2
760	2
761	1
762	2
763	2
764	1
765	2
766	1
767	1
768	1
769	1
770	2
771	2
772	2
773	1
774	1
775	2
776	2
777	2
778	1
779	1
780	1
781	2
782	2
783	2
784	2
785	2
786	1
787	1
788	2
789	1
790	0
791	2
792	2
793	1
794	2
795	2
796	0
797	1
798	1
799	2
800	1
801	2
802	1
803	2
804	2
805	1
806	1
807	1
808	1
809	1
810	2
811	1
812	1
813	1
814	1
815	0
816	2
817	1
818	0
819	2
820	1
821	1
822	2
823	1
824	1
825	1
826	1
827	2
828	2
829	2
830	2
831	1
832	1
833	1
834	2
835	2
836	1
837	2
838	2
839	1
840	0
841	2
842	0
843	2
844	1
845	1
846	1
847	0
848	0
849	2
850	1
851	2
852	1
853	2
854	1
855	2
856	2
857	1
858	1
859	2
860	2
861	1
862	2
863	1
864	1
865	2
866	0
867	0
868	0
869	1
870	0
871	2
872	1
873	2
874	1
875	2
876	2
877	2
878	1
879	1
880	2
881	2
882	1
883	1
884	2
885	1
886	1
887	0
888	2
889	1
890	1
891	1
892	1
893	2
894	0
895	2
896	1
897	2
898	1
899	2
900	2
901	2
902	2
903	2
904	1
905	1
906	2
907	2
908	1
909	1
910	0
911	2
912	1
913	1
914	1
915	2
916	2
917	2
918	1
919	1
920	1
921	1
922	1
923	1
924	1
925	1
926	1
927	1
928	1
929	0
930	2
931	1
932	2
933	2
934	2
935	2
936	1
937	1
938	0
939	1
940	1
941	2
942	2
943	2
944	0
945	2
946	2
947	1
948	2
949	1
950	2
951	1
952	1
953	1
954	1
955	1
956	0
957	2
958	1
959	2
960	2
961	1
962	1
963	2
964	2
965	1
966	1
967	1
968	1
969	2
970	2
971	1
972	2
973	1
974	2
975	2
976	1
977	1
978	2
979	1
980	2
981	0
982	2
983	1
984	1
985	2
986	1
987	2
988	1
989	1
990	2
991	2
992	1
993	0
994	2
995	1
996	2
997	1
998	1
999	1
1000	1
1001	2
1002	2
1003	1
1004	2
1005	2
1006	1
1007	1
1008	2
1009	1
1010	2
1011	2
1012	1
1013	2
1014	1
1015	0
1016	1
1017	1
1018	1
1019	1
1020	2
1021	1
1022	0
1023	2
1024	1
1025	0
1026	2
1027	1
1028	0
1029	2
1030	1
1031	2
1032	2
1033	2
1034	2
1035	1
1036	2
1037	2
1038	0
1039	2
1040	1
1041	2
1042	1
1043	2
1044	1
1045	1
1046	0
1047	0
1048	1
1049	2
1050	0
1051	1
1052	2
1053	1
1054	2
1055	2
1056	2
1057	1
1058	1
1059	2
1060	1
1061	1
1062	1
1063	1
1064	2
1065	1
1066	2
1067	1
1068	2
1069	1
1070	2
1071	2
1072	1
1073	1
1074	2
1075	1
1076	2
1077	2
1078	1
1079	0
1080	1
1081	2
1082	1
1083	2
1084	2
1085	0
1086	1
1087	1
1088	1
1089	2
1090	1
1091	2
1092	1
1093	2
1094	1
1095	1
1096	0
1097	1
1098	1
1099	1
1100	0
1101	1
1102	0
1103	2
1104	2
1105	2
1106	1
1107	1
1108	1
1109	1
1110	1
1111	2
1112	1
1113	1
1114	2
1115	1
1116	1
1117	1
1118	1
1119	0
1120	1
1121	0
1122	0
1123	1
1124	2
1125	0
1126	1
1127	2
1128	0
1129	1
1130	1
1131	1
1132	1
1133	2
1134	1
1135	2
1136	1
1137	2
1138	1
1139	2
1140	2
1141	2
1142	1
1143	2
1144	2
1145	1
1146	1
1147	2
1148	2
1149	2
1150	0
1151	2
1152	2
1153	0
1154	1
1155	1
1156	2
1157	2
1158	1
1159	1
1160	1
1161	1
1162	2
1163	2
1164	2
1165	2
1166	0
1167	2
1168	1
1169	2
1170	2
1171	1
1172	1
1173	2
1174	1
1175	2
1176	2
1177	2
1178	1
1179	2
1180	1
1181	1
1182	2
1183	1
1184	1
1185	1
1186	1
1187	2
1188	1
1189	1
1190	2
1191	2
1192	1
1193	2
1194	1
1195	1
1196	1
1197	0
1198	2
1199	0
1200	1
1201	1
1202	1
1203	2
1204	2
1205	2
1206	2
1207	1
1208	2
1209	2
1210	2
1211	2
1212	1
1213	2
1214	0
1215	2
1216	1
1217	2
1218	1
1219	2
1220	1
1221	1
1222	0
1223	2
1224	1
1225	2
1226	1
1227	1
1228	1
1229	0
1230	2
1231	2
1232	2
1233	1
1234	1
1235	0
1236	2
1237	1
1238	2
1239	1
1240	1
1241	1
1242	1
1243	1
1244	2
1245	2
1246	1
1247	2
1248	1
1249	2
1250	2
1251	1
1252	2
1253	1
1254	1
1255	2
1256	2
1257	2
1258	2
1259	2
1260	1
1261	1
1262	0
1263	0
1264	1
1265	2
1266	2
1267	2
1268	2
1269	0
1270	1
1271	2
1272	1
1273	1
1274	2
1275	2
1276	2
1277	2
1278	1
1279	2
1280	1
1281	0
1282	1
1283	2
1284	2
1285	1
1286	0
1287	2
1288	2
1289	1
1290	1
1291	0
1292	2
1293	1
1294	2
1295	1
1296	1
1297	1
1298	2
1299	1
1300	1
1301	1
1302	0
1303	1
1304	0
1305	1
1306	2
1307	2
1308	2
1309	1
1310	1
1311	1
1312	1
1313	2
1314	2
1315	2
1316	2
1317	0
1318	1
1319	2
1320	1
1321	1
1322	1
1323	1
1324	1
1325	2
1326	1
1327	0
1328	2
1329	1
1330	0
1331	2
1332	1
1333	2
1334	2
1335	2
1336	2
1337	1
1338	2
1339	2
1340	2
1341	2
1342	2
1343	2
1344	2
1345	2
1346	2
1347	1
1348	2
1349	1
1350	2
1351	2
1352	2
1353	2
1354	1
1355	1
1356	2
1357	1
1358	1
1359	0
1360	2
1361	2
1362	1
1363	2
1364	1
1365	2
1366	1
1367	1
1368	1
1369	2
1370	2
1371	2
1372	1
1373	2
1374	2
1375	2
1376	1
1377	2
1378	1
1379	2
1380	2
1381	2
1382	1
1383	2
1384	1
1385	2
1386	2
1387	0
1388	1
1389	1
1390	2
1391	1
1392	0
1393	1
1394	2
1395	2
1396	1
1397	1
1398	1
1399	2
1400	2
1401	1
1402	0
1403	0
1404	2
1405	1
1406	1
1407	2
1408	1
1409	1
1410	2
1411	1
1412	2
1413	2
1414	2
1415	2
1416	0
1417	2
1418	1
1419	0
1420	1
1421	2
1422	0
1423	1
1424	1
1425	1
1426	0
1427	1
1428	2
1429	1
1430	2
1431	0
1432	1
1433	0
1434	1
1435	1
1436	1
1437	0
1438	1
1439	2
1440	1
1441	1
1442	1
1443	1
1444	1
1445	2
1446	2
1447	1
1448	2
1449	1
1450	1
1451	1
1452	1
1453	1
1454	2
1455	2
1456	2
1457	2
1458	1
1459	2
1460	2
1461	1
1462	0
1463	0
1464	2
1465	1
1466	1
1467	1
1468	0
1469	2
1470	0
1471	1
1472	1
1473	2
1474	1
1475	2
1476	1
1477	2
1478	2
1479	2
1480	2
1481	2
1482	2
1483	1
1484	2
1485	2
1486	1
1487	2
1488	1
1489	2
1490	1
1491	2
1492	1
1493	2
1494	1
1495	1
1496	2
1497	2
1498	2
1499	1
1500	2
1501	1
1502	2
1503	2
1504	0
1505	1
1506	2
1507	1
1508	1
1509	1
1510	2
1511	1
1512	2
1513	0
1514	2
1515	2
1516	2
1517	1
1518	1
1519	2
1520	1
1521	1
1522	0
1523	2
1524	1
1525	2
1526	2
1527	2
1528	1
1529	1
1530	2
1531	1
1532	1
1533	1
1534	2
1535	1
1536	0
1537	1
1538	1
1539	2
1540	0
1541	1
1542	1
1543	1
1544	2
1545	1
1546	1
1547	2
1548	2
1549	2
1550	1
1551	2
1552	1
1553	2
1554	2
1555	2
1556	1
1557	1
1558	1
1559	1
1560	1
1561	1
1562	2
1563	1
1564	1
1565	1
1566	0
1567	0
1568	1
1569	1
1570	1
1571	2
1572	1
1573	1
1574	1
1575	1
1576	1
1577	2
1578	1
1579	0
1580	2
1581	2
1582	2
1583	1
1584	0
1585	2
1586	2
1587	1
1588	1
1589	1
1590	2
1591	0
1592	1
1593	1
1594	1
1595	1
1596	1
1597	1
1598	1
1599	2
1600	1
1601	1
1602	2
1603	0
1604	2
1605	1
1606	1
1607	1
1608	1
1609	2
1610	2
1611	1
1612	1
1613	2
1614	2
1615	2
1616	0
1617	1
1618	2
1619	2
1620	1
1621	1
1622	1
1623	2
1624	2
1625	1
1626	1
1627	2
1628	1
1629	2
1630	1
1631	1
1632	1
1633	2
1634	2
1635	1
1636	0
1637	2
1638	1
1639	1
1640	1
1641	2
1642	0
1643	1
1644	2
1645	2
1646	2
1647	2
1648	2
1649	2
1650	2
1651	1
1652	1
1653	2
1654	1
1655	2
1656	1
1657	1
1658	1
1659	1
1660	1
1661	2
1662	2
1663	2
1664	1
1665	1
1666	2
1667	2
1668	1
1669	2
1670	2
1671	1
1672	1
1673	1
1674	1
1675	1
1676	2
1677	1
1678	2
1679	2
1680	2
1681	1
1682	0
1683	0
1684	2
1685	2
1686	2
1687	2
1688	0
1689	1
1690	1
1691	2
1692	1
1693	2
1694	1
1695	2
1696	1
1697	1
1698	2
1699	1
1700	2
1701	2
1702	2
1703	1
1704	2
1705	1
1706	2
1707	1
1708	1
1709	1
1710	1
1711	1
1712	2
1713	1
1714	1
1715	1
1716	1
1717	0
1718	2
1719	1
1720	1
1721	2
1722	2
1723	2
1724	2
1725	1
1726	0
1727	1
1728	1
1729	2
1730	2
1731	1
1732	2
1733	2
1734	1
1735	1
1736	2
1737	2
1738	2
1739	2
1740	2
1741	0
1742	2
1743	2
1744	0
1745	0
1746	2
1747	1
1748	1
1749	2
1750	2
1751	2
1752	1
1753	2
1754	0
1755	1
1756	1
1757	2
1758	1
1759	2
1760	1
1761	1
1762	2
1763	0
1764	2
1765	1
1766	2
1767	0
1768	0
1769	2
1770	0
1771	2
1772	1
1773	1
1774	1
1775	0
1776	2
1777	1
1778	1
1779	2
1780	1
1781	1
1782	2
1783	1
1784	1
1785	1
1786	1
1787	1
1788	1
1789	2
1790	1
1791	1
1792	2
1793	1
1794	1
1795	2
1796	1
1797	2
1798	1
1799	1
1800	1
1801	2
1802	2
1803	1
1804	1
1805	1
1806	0
1807	1
1808	2
1809	2
1810	1
1811	1
1812	0
1813	2
1814	1
1815	0
1816	1
1817	1
1818	2
1819	2
1820	1
1821	2
1822	1
1823	1
1824	2
1825	1
1826	1
1827	1
1828	1
1829	2
1830	1
1831	1
1832	2
1833	1
1834	1
1835	1
1836	1
1837	2
1838	1
1839	1
1840	0
1841	1
1842	1
1843	1
1844	1
1845	1
1846	1
1847	1
1848	0
1849	0
1850	2
1851	1
1852	2
1853	1
1854	1
1855	1
1856	1
1857	2
1858	2
1859	1
1860	1
1861	1
1862	1
1863	2
1864	0
1865	1
1866	2
1867	1
1868	2
1869	1
1870	2
1871	2
1872	1
1873	1
1874	2
1875	2
1876	1
1877	1
1878	2
1879	1
1880	2
1881	2
1882	1
1883	2
1884	1
1885	1
1886	2
1887	0
1888	2
1889	1
1890	2
1891	1
1892	1
1893	1
1894	1
1895	1
1896	0
1897	2
1898	2
1899	1
1900	0
1901	1
1902	2
1903	1
1904	0
1905	2
1906	2
1907	2
1908	2
1909	1
1910	1
1911	1
1912	0
1913	2
1914	1
1915	1
1916	2
1917	1
1918	0
1919	2
1920	1
1921	2
1922	1
1923	1
1924	2
1925	1
1926	2
1927	1
1928	2
1929	1
1930	2
1931	1
1932	1
1933	1
1934	2
1935	2
1936	1
1937	1
1938	1
1939	2
1940	1
1941	0
1942	1
1943	0
1944	2
1945	1
1946	1
1947	2
1948	2
1949	1
1950	2
1951	1
1952	2
1953	0
1954	2
1955	1
1956	2
1957	1
1958	2
1959	0
1960	2
1961	1
1962	1
1963	2
1964	1
1965	2
1966	1
1967	2
1968	0
1969	1
1970	2
1971	1
1972	2
1973	1
1974	2
1975	2
1976	1
1977	2
1978	1
1979	1
1980	2
1981	1
1982	2
1983	2
1984	1
1985	2
1986	1
1987	2
1988	1
1989	2
1990	2
1991	2
1992	2
1993	1
1994	2
1995	1
1996	1
1997	2
1998	1
1999	2
2000	1
2001	2
2002	2
2003	2
2004	2
2005	2
2006	0
2007	2
2008	2
2009	1
2010	2
2011	2
2012	2
2013	2
2014	2
2015	1
2016	0
2017	1
2018	2
2019	2
2020	1
2021	1
2022	2
2023	2
2024	2
2025	1
2026	2
2027	2
2028	1
2029	1
2030	2
2031	1
2032	2
2033	2
2034	2
2035	2
2036	2
2037	1
2038	2
2039	2
2040	2
2041	2
2042	2
2043	1
2044	1
2045	2
2046	1
2047	1
2048	1
2049	2
2050	1
2051	2
2052	2
2053	0
2054	1
2055	2
2056	1
2057	1
2058	1
2059	2
2060	1
2061	1
2062	2
2063	2
2064	1
2065	2
2066	1
2067	1
2068	1
2069	2
2070	1
2071	2
2072	2
2073	2
2074	1
2075	1
2076	0
2077	2
2078	1
2079	2
2080	1
2081	1
2082	2
2083	0
2084	1
2085	2
2086	1
2087	2
2088	2
2089	1
2090	1
2091	2
2092	0
2093	1
2094	1
2095	0
2096	0
2097	2
2098	2
2099	1
2100	2
2101	2
2102	0
2103	1
2104	2
2105	2
2106	1
2107	1
2108	0
2109	1
2110	1
2111	2
2112	2
2113	2
2114	2
2115	2
2116	2
2117	1
2118	1
2119	1
2120	2
2121	1
2122	0
2123	1
2124	2
2125	2
2126	2
2127	1
2128	1
2129	1
2130	2
2131	2
2132	0
2133	2
2134	2
2135	1
2136	2
2137	1
2138	2
2139	1
2140	1
2141	1
2142	1
2143	1
2144	2
2145	2
2146	2
2147	1
2148	2
2149	2
2150	2
2151	1
2152	1
2153	1
2154	1
2155	2
2156	2
2157	1
2158	2
2159	1
2160	0
2161	2
2162	0
2163	1
2164	1
2165	2
2166	2
2167	2
2168	0
2169	2
2170	1
2171	2
2172	1
2173	1
2174	0
2175	1
2176	1
2177	2
2178	2
2179	2
2180	1
2181	2
2182	2
2183	2
2184	1
2185	1
2186	2
2187	1
2188	1
2189	2
2190	0
2191	2
2192	2
2193	1
2194	2
2195	1
2196	1
2197	1
2198	2
2199	2
2200	1
2201	2
2202	1
2203	2
2204	1
2205	1
2206	1
2207	1
2208	2
2209	2
2210	1
2211	2
2212	2
2213	2
2214	1
2215	2
2216	2
2217	0
2218	2
2219	2
2220	2
2221	1
2222	1
2223	1
2224	1
2225	2
2226	1
2227	2
2228	1
2229	1
2230	2
2231	1
2232	1
2233	1
2234	2
2235	1
2236	1
2237	1
2238	2
2239	2
2240	2
2241	1
2242	2
2243	0
2244	1
2245	2
2246	2
2247	2
2248	2
2249	0
2250	2
2251	1
2252	2
2253	1
2254	1
2255	0
2256	1
2257	1
2258	1
2259	1
2260	1
2261	2
2262	2
2263	1
2264	2
2265	1
2266	2
2267	2
2268	1
2269	1
2270	1
2271	1
2272	1
2273	2
2274	2
2275	1
2276	1
2277	1
2278	2
2279	1
2280	1
2281	1
2282	2
2283	1
2284	1
2285	2
2286	1
2287	2
2288	1
2289	2
2290	2
2291	2
2292	2
2293	1
2294	1
2295	2
2296	2
2297	1
2298	1
2299	1
2300	1
2301	1
2302	2
2303	2
2304	0
2305	1
2306	1
2307	0
2308	1
2309	2
2310	2
2311	2
2312	2
2313	0
2314	2
2315	2
2316	2
2317	1
2318	2
2319	2
2320	2
2321	1
2322	1
2323	1
2324	2
2325	1
2326	1
2327	2
2328	2
2329	2
2330	2
2331	1
2332	1
2333	1
2334	0
2335	1
2336	1
2337	1
2338	0
2339	2
2340	2
2341	2
2342	1
2343	1
2344	2
2345	1
2346	1
2347	1
2348	1
2349	1
2350	1
2351	1
2352	2
2353	1
2354	2
2355	1
2356	1
2357	1
2358	1
2359	2
2360	2
2361	2
2362	1
2363	1
2364	1
2365	1
2366	2
2367	2
2368	1
2369	1
2370	2
2371	2
2372	2
2373	1
2374	2
2375	1
2376	1
2377	1
2378	1
2379	0
2380	2
2381	2
2382	2
2383	1
2384	1
2385	2
2386	1
2387	2
2388	1
2389	2
2390	0
2391	2
2392	2
2393	1
2394	2
2395	1
2396	2
2397	0
2398	1
2399	1
2400	2
2401	2
2402	2
2403	2
2404	2
2405	0
2406	1
2407	2
2408	1
2409	2
2410	1
2411	2
2412	2
2413	1
2414	2
2415	1
2416	1
2417	2
2418	0
2419	2
2420	2
2421	0
2422	1
2423	1
2424	1
2425	1
2426	2
2427	2
2428	2
2429	1
2430	2
2431	2
2432	1
2433	2
2434	1
2435	2
2436	2
2437	2
2438	2
2439	2
2440	1
2441	2
2442	2
2443	1
2444	1
2445	2
2446	1
2447	1
2448	1
2449	2
2450	2
2451	2
2452	1
2453	1
2454	1
2455	1
2456	2
2457	1
2458	1
2459	1
2460	2
2461	2
2462	1
2463	2
2464	1
2465	2
2466	0
2467	2
2468	1
2469	1
2470	1
2471	2
2472	1
2473	1
2474	2
2475	2
2476	1
2477	1
2478	2
2479	1
2480	1
2481	1
2482	2
2483	2
2484	2
2485	1
2486	1
2487	2
2488	1
2489	2
2490	0
2491	2
2492	1
2493	1
2494	0
2495	2
2496	2
2497	2
2498	2
2499	1
2500	0
2501	2
2502	2
2503	1
2504	1
2505	1
2506	2
2507	2
2508	2
2509	1
2510	1
2511	0
2512	1
2513	0
2514	2
2515	2
2516	1
2517	2
2518	1
2519	0
2520	1
2521	0
2522	2
2523	1
2524	0
2525	2
2526	2
2527	1
2528	1
2529	1
2530	1
2531	1
2532	1
2533	1
2534	1
2535	2
2536	2
2537	0
2538	2
2539	2
2540	1
2541	2
2542	2
2543	1
2544	1
2545	2
2546	1
2547	1
2548	1
2549	1
2550	1
2551	0
2552	1
2553	1
2554	2
2555	1
2556	2
2557	2
2558	1
2559	2
2560	2
2561	1
2562	2
2563	2
2564	2
2565	2
2566	1
2567	1
2568	1
2569	0
2570	1
2571	2
2572	1
2573	1
2574	1
2575	2
2576	1
2577	2
2578	2
2579	1
2580	2
2581	1
2582	1
2583	1
2584	2
2585	1
2586	1
2587	2
2588	1
2589	1
2590	1
2591	2
2592	0
2593	1
2594	2
2595	1
2596	1
2597	1
2598	2
2599	2
2600	2
2601	2
2602	1
2603	1
2604	2
2605	1
2606	2
2607	1
2608	1
2609	1
2610	2
2611	2
2612	1
2613	1
2614	2
2615	1
2616	1
2617	0
2618	2
2619	2
2620	2
2621	1
2622	1
2623	0
2624	2
2625	1
2626	1
2627	1
2628	1
2629	1
2630	1
2631	2
2632	0
2633	1
2634	1
2635	1
2636	2
2637	2
2638	1
2639	2
2640	1
2641	1
2642	2
2643	1
2644	1
2645	1
2646	2
2647	2
2648	0
2649	2
2650	2
2651	2
2652	2
2653	2
2654	1
2655	2
2656	1
2657	1
2658	2
2659	2
2660	1
2661	1
2662	1
2663	1
2664	2
2665	0
2666	2
2667	1
2668	0
2669	0
2670	2
2671	2
2672	2
2673	0
2674	0
2675	1
2676	1
2677	1
2678	2
2679	2
2680	1
2681	1
2682	2
2683	2
2684	0
2685	2
2686	2
2687	1
2688	2
2689	1
2690	1
2691	1
2692	2
2693	2
2694	2
2695	1
2696	2
2697	1
2698	0
2699	0
2700	1
2701	1
2702	1
2703	2
2704	1
2705	2
2706	2
2707	0
2708	2
2709	1
2710	1
2711	2
2712	2
2713	2
2714	0
2715	1
2716	2
2717	1
2718	2
2719	2
2720	1
2721	1
2722	2
2723	1
2724	2
2725	1
2726	1
2727	0
2728	1
2729	2
2730	0
2731	1
2732	1
2733	1
2734	2
2735	2
2736	2
2737	1
2738	1
2739	2
2740	1
2741	1
2742	2
2743	0
2744	1
2745	2
2746	1
2747	2
2748	2
2749	2
2750	2
2751	1
2752	2
2753	1
2754	1
2755	2
2756	2
2757	0
2758	1
2759	2
2760	1
2761	1
2762	2
2763	1
2764	2
2765	2
2766	2
2767	2
2768	2
2769	1
2770	2
2771	2
2772	1
2773	1
2774	2
2775	1
2776	1
2777	2
2778	1
2779	2
2780	2
2781	1
2782	1
2783	1
2784	2
2785	1
2786	1
2787	2
2788	1
2789	0
2790	0
2791	2
2792	2
2793	1
2794	2
2795	1
2796	0
2797	1
2798	2
2799	1
2800	2
2801	2
2802	2
2803	1
2804	1
2805	2
2806	1
2807	1
2808	1
2809	2
2810	1
2811	2
2812	2
2813	1
2814	0
2815	2
2816	1
2817	0
2818	0
2819	1
2820	1
2821	0
2822	1
2823	2
2824	2
2825	2
2826	2
2827	2
2828	2
2829	1
2830	0
2831	2
2832	1
2833	2
2834	2
2835	1
2836	1
2837	1
2838	2
2839	2
2840	0
2841	2
2842	2
2843	0
2844	1
2845	1
2846	1
2847	1
2848	2
2849	2
2850	2
2851	1
2852	0
2853	1
2854	1
2855	2
2856	2
2857	2
2858	0
2859	1
2860	2
2861	2
2862	1
2863	2
2864	1
2865	1
2866	1
2867	2
2868	1
2869	1
2870	0
2871	1
2872	1
2873	2
2874	2
2875	2
2876	2
2877	0
2878	1
2879	0
2880	2
2881	1
2882	1
2883	2
2884	2
2885	2
2886	2
2887	1
2888	1
2889	1
2890	2
2891	1
2892	1
2893	1
2894	1
2895	1
2896	1
2897	1
2898	2
2899	1
2900	2
2901	2
2902	1
2903	1
2904	1
2905	2
2906	2
2907	2
2908	1
2909	1
2910	2
2911	2
2912	2
2913	1
2914	2
2915	1
2916	1
2917	1
2918	2
2919	1
2920	2
2921	0
2922	2
2923	2
2924	1
2925	2
2926	2
2927	1
2928	1
2929	2
2930	2
2931	2
2932	1
2933	1
2934	1
2935	2
2936	2
2937	2
2938	1
2939	2
2940	2
2941	0
2942	2
2943	1
2944	2
2945	1
2946	2
2947	1
2948	2
2949	1
2950	1
2951	1
2952	1
2953	1
2954	1
2955	2
2956	2
2957	2
2958	1
2959	0
2960	2
2961	1
2962	0
2963	2
2964	1
2965	2
2966	1
2967	1
2968	1
2969	0
2970	1
2971	1
2972	1
2973	1
2974	1
2975	2
2976	0
2977	2
2978	2
2979	1
2980	1
2981	1
2982	0
2983	1
2984	1
2985	2
2986	2
2987	2
2988	2
2989	1
2990	1
2991	2
2992	2
2993	2
2994	0
2995	2
2996	2
2997	2
2998	2
2999	1
3000	2
3001	1
3002	1
3003	1
3004	1
3005	1
3006	1
3007	0
3008	0
3009	0
3010	1
3011	1
3012	1
3013	1
3014	2
3015	1
3016	1
3017	1
3018	2
3019	2
3020	2
3021	1
3022	2
3023	0
3024	1
3025	2
3026	2
3027	2
3028	1
3029	1
3030	1
3031	2
3032	1
3033	1
3034	2
3035	1
3036	1
3037	1
3038	1
3039	1
3040	1
3041	1
3042	2
3043	1
3044	2
3045	2
3046	2
3047	2
3048	2
3049	2
3050	1
3051	2
3052	1
3053	2
3054	2
3055	0
3056	1
3057	1
3058	2
3059	1
3060	2
3061	1
3062	2
3063	1
3064	2
3065	1
3066	2
3067	2
3068	2
3069	2
3070	2
3071	1
3072	2
3073	1
3074	1
3075	1
3076	0
3077	2
3078	1
3079	2
3080	2
3081	1
3082	1
3083	1
3084	1
3085	1
3086	1
3087	1
3088	1
3089	1
3090	1
3091	2
3092	2
3093	1
3094	1
3095	1
3096	2
3097	1
3098	1
3099	2
3100	1
3101	1
3102	0
3103	0
3104	2
3105	1
3106	1
3107	2
3108	1
3109	1
3110	2
3111	2
3112	0
3113	0
3114	1
3115	1
3116	2
3117	0
3118	1
3119	1
3120	0
3121	1
3122	2
3123	1
3124	1
3125	1
3126	2
3127	1
3128	2
3129	2
3130	0
3131	0
3132	1
3133	1
3134	1
3135	1
3136	2
3137	2
3138	0
3139	2
3140	0
3141	2
3142	1
3143	1
3144	1
3145	2
3146	0
3147	1
3148	1
3149	1
3150	1
3151	2
3152	2
3153	1
3154	1
3155	1
3156	1
3157	1
3158	2
3159	0
3160	0
3161	1
3162	2
3163	1
3164	1
3165	0
3166	0
3167	1
3168	2
3169	1
3170	1
3171	2
3172	2
3173	1
3174	2
3175	2
3176	1
3177	2
3178	2
3179	1
3180	2
3181	1
3182	1
3183	2
3184	2
3185	2
3186	1
3187	0
3188	2
3189	1
3190	2
3191	1
3192	1
3193	1
3194	1
3195	0
3196	0
3197	1
3198	2
3199	1
3200	2
3201	2
3202	1
3203	1
3204	2
3205	1
3206	0
3207	1
3208	1
3209	2
3210	1
3211	1
3212	2
3213	1
3214	1
3215	2
3216	1
3217	2
3218	1
3219	1
3220	1
3221	1
3222	1
3223	1
3224	1
3225	2
3226	2
3227	1
3228	1
3229	2
3230	1
3231	1
3232	1
3233	0
3234	1
3235	2
3236	2
3237	2
3238	1
3239	1
3240	2
3241	2
3242	1
3243	1
3244	1
3245	2
3246	2
3247	2
3248	0
3249	2
3250	1
3251	1
3252	1
3253	1
3254	1
3255	1
3256	1
3257	1
3258	1
3259	1
3260	1
3261	2
3262	1
3263	2
3264	2
3265	2
3266	1
3267	2
3268	2
3269	1
3270	1
3271	2
3272	0
3273	1
3274	1
3275	1
3276	1
3277	1
3278	1
3279	0
3280	0
3281	2
3282	1
3283	2
3284	2
3285	1
3286	1
3287	1
3288	2
3289	1
3290	0
3291	2
3292	2
3293	1
3294	2
3295	2
3296	0
3297	2
3298	1
3299	0
3300	2
3301	1
3302	0
3303	1
3304	1
3305	2
3306	1
3307	1
3308	2
3309	1
3310	1
3311	2
3312	2
3313	2
3314	1
3315	2
3316	1
3317	2
3318	1
3319	2
3320	1
3321	2
3322	2
3323	2
3324	1
3325	2
3326	0
3327	1
3328	2
3329	1
3330	1
3331	2
3332	2
3333	2
3334	1
3335	1
3336	0
3337	1
3338	2
3339	1
3340	1
3341	2
3342	1
3343	1
3344	0
3345	1
3346	1
3347	2
3348	2
3349	1
3350	1
3351	1
3352	1
3353	2
3354	1
3355	2
3356	2
3357	1
3358	1
3359	2
3360	2
3361	2
3362	2
3363	0
3364	1
3365	2
3366	2
3367	1
3368	2
3369	2
3370	0
3371	1
3372	1
3373	1
3374	1
3375	2
3376	2
3377	2
3378	1
3379	2
3380	1
3381	1
3382	2
3383	2
3384	2
3385	2
3386	1
3387	1
3388	2
3389	2
3390	1
3391	1
3392	2
3393	2
3394	1
3395	2
3396	2
3397	2
3398	1
3399	0
3400	1
3401	1
3402	2
3403	2
3404	2
3405	2
3406	1
3407	1
3408	1
3409	1
3410	1
3411	0
3412	2
3413	1
3414	2
3415	1
3416	1
3417	2
3418	2
3419	1
3420	1
3421	2
3422	1
3423	2
3424	1
3425	1
3426	1
3427	2
3428	2
3429	1
3430	1
3431	1
3432	2
3433	1
3434	1
3435	2
3436	1
3437	1
3438	1
3439	1
3440	1
3441	1
3442	2
3443	2
3444	1
3445	0
3446	1
3447	2
3448	1
3449	2
3450	1
3451	2
3452	2
3453	2
3454	1
3455	1
3456	1
3457	1
3458	2
3459	1
3460	1
3461	1
3462	0
3463	2
3464	1
3465	1
3466	2
3467	1
3468	0
3469	1
3470	1
3471	2
3472	2
3473	2
3474	1
3475	1
3476	1
3477	2
3478	1
3479	2
3480	1
3481	0
3482	1
3483	1
3484	2
3485	1
3486	2
3487	1
3488	1
3489	1
3490	1
3491	1
3492	1
3493	2
3494	2
3495	2
3496	1
3497	1
3498	2
3499	1
3500	1
3501	2
3502	1
3503	1
3504	2
3505	1
3506	1
3507	0
3508	1
3509	2
3510	0
3511	2
3512	2
3513	2
3514	2
3515	0
3516	1
3517	1
3518	2
3519	1
3520	2
3521	1
3522	2
3523	2
3524	1
3525	1
3526	2
3527	1
3528	1
3529	0
3530	1
3531	1
3532	2
3533	2
3534	1
3535	1
3536	2
3537	2
3538	2
3539	2
3540	1
3541	1
3542	2
3543	0
3544	2
3545	1
3546	0
3547	1
3548	2
3549	1
3550	2
3551	1
3552	1
3553	1
3554	1
3555	1
3556	0
3557	2
3558	1
3559	1
3560	2
3561	2
3562	0
3563	2
3564	2
3565	1
3566	2
3567	2
3568	0
3569	1
3570	0
3571	1
3572	1
3573	2
3574	2
3575	2
3576	1
3577	0
3578	1
3579	1
3580	2
3581	1
3582	2
3583	0
3584	1
3585	2
3586	2
3587	0
3588	2
3589	2
3590	0
3591	1
3592	1
3593	2
3594	2
3595	2
3596	0
3597	2
3598	1
3599	2
3600	1
3601	1
3602	2
3603	2
3604	0
3605	2
3606	1
3607	1
3608	2
3609	2
3610	2
3611	1
3612	2
3613	1
3614	1
3615	2
3616	1
3617	1
3618	2
3619	1
3620	2
3621	2
3622	2
3623	1
3624	2
3625	1
3626	2
3627	1
3628	0
3629	1
3630	2
3631	1
3632	1
3633	0
3634	1
3635	1
3636	1
3637	1
3638	2
3639	1
3640	1
3641	2
3642	0
3643	2
3644	1
3645	1
3646	2
3647	2
3648	1
3649	2
3650	1
3651	1
3652	2
3653	1
3654	2
3655	1
3656	1
3657	2
3658	2
3659	1
3660	2
3661	0
3662	2
3663	0
3664	1
3665	2
3666	1
3667	2
3668	2
3669	2
3670	1
3671	0
3672	2
3673	1
3674	2
3675	2
3676	1
3677	1
3678	1
3679	2
3680	1
3681	1
3682	1
3683	0
3684	1
3685	2
3686	0
3687	2
3688	1
3689	2
3690	1
3691	2
3692	1
3693	1
3694	1
3695	2
3696	1
3697	0
3698	1
3699	2
3700	0
3701	1
3702	1
3703	2
3704	1
3705	2
3706	2
3707	2
3708	1
3709	2
3710	2
3711	0
3712	2
3713	1
3714	0
3715	2
3716	1
3717	2
3718	1
3719	2
3720	0
3721	2
3722	2
3723	2
3724	2
3725	2
3726	2
3727	1
3728	2
3729	0
3730	1
3731	2
3732	2
3733	2
3734	2
3735	1
3736	2
3737	1
3738	1
3739	1
3740	0
3741	0
3742	2
3743	2
3744	1
3745	2
3746	0
3747	1
3748	1
3749	1
3750	2
3751	1
3752	1
3753	2
3754	1
3755	0
3756	2
3757	2
3758	1
3759	1
3760	2
3761	2
3762	1
3763	0
3764	2
3765	2
3766	0
3767	0
3768	1
3769	2
3770	1
3771	2
3772	1
3773	1
3774	1
3775	0
3776	1
3777	2
3778	1
3779	2
3780	2
3781	2
3782	2
3783	2
3784	2
3785	2
3786	1
3787	2
3788	0
3789	1
3790	1
3791	1
3792	2
3793	1
3794	1
3795	2
3796	2
3797	2
3798	2
3799	2
3800	1
3801	1
3802	2
3803	1
3804	1
3805	1
3806	2
3807	1
3808	2
3809	2
3810	1
3811	2
3812	1
3813	1
3814	2
3815	1
3816	2
3817	0
3818	1
3819	1
3820	1
3821	1
3822	1
3823	1
3824	2
3825	0
3826	2
3827	1
3828	2
3829	0
3830	1
3831	2
3832	2
3833	2
3834	1
3835	2
3836	1
3837	1
3838	1
3839	2
3840	1
3841	1
3842	1
3843	2
3844	1
3845	1
3846	2
3847	2
3848	2
3849	2
3850	0
3851	1
3852	2
3853	0
3854	1
3855	1
3856	2
3857	1
3858	1
3859	1
3860	1
3861	1
3862	2
3863	2
3864	1
3865	2
3866	2
3867	1
3868	0
3869	2
3870	2
3871	1
3872	2
3873	1
3874	2
3875	2
3876	1
3877	0
3878	1
3879	2
3880	2
3881	2
3882	2
3883	1
3884	2
3885	0
3886	2
3887	1
3888	1
3889	2
3890	0
3891	2
3892	1
3893	0
3894	1
3895	1
3896	2
3897	2
3898	1
3899	2
3900	1
3901	1
3902	1
3903	2
3904	2
3905	1
3906	1
3907	2
3908	1
3909	0
3910	1
3911	1
3912	1
3913	1
3914	2
3915	1
3916	0
3917	2
3918	1
3919	2
3920	2
3921	1
3922	1
3923	2
3924	1
3925	1
3926	0
3927	2
3928	1
3929	1
3930	2
3931	1
3932	1
3933	2
3934	1
3935	1
3936	1
3937	2
3938	2
3939	1
3940	2
3941	1
3942	2
3943	2
3944	2
3945	1
3946	2
3947	1
3948	2
3949	2
3950	1
3951	0
3952	1
3953	2
3954	2
3955	2
3956	2
3957	2
3958	2
3959	1
3960	1
3961	2
3962	1
3963	1
3964	2
3965	0
3966	2
3967	2
3968	0
3969	2
3970	1
3971	2
3972	2
3973	2
3974	0
3975	2
3976	2
3977	1
3978	0
3979	2
3980	1
3981	2
3982	2
3983	2
3984	2
3985	2
3986	0
3987	1
3988	2
3989	2
3990	2
3991	2
3992	1
3993	2
3994	2
3995	2
3996	2
3997	2
3998	0
3999	2
4000	2
4001	2
4002	2
4003	1
4004	2
4005	1
4006	2
4007	1
4008	2
4009	1
4010	1
4011	2
4012	0
4013	2
4014	1
4015	1
4016	1
4017	1
4018	1
4019	1
4020	2
4021	0
4022	1
4023	2
4024	2
4025	2
4026	0
4027	2
4028	1
4029	1
4030	2
4031	2
4032	1
4033	2
4034	1
4035	2
4036	1
4037	1
4038	2
4039	0
4040	2
4041	0
4042	2
4043	1
4044	1
4045	0
4046	1
4047	1
4048	0
4049	1
4050	2
4051	2
4052	2
4053	1
4054	1
4055	1
4056	1
4057	1
4058	2
4059	2
4060	2
4061	1
4062	1
4063	2
4064	1
4065	1
4066	0
4067	1
4068	1
4069	1
4070	1
4071	2
4072	2
4073	2
4074	1
4075	1
4076	2
4077	1
4078	2
4079	2
4080	2
4081	1
4082	2
4083	2
4084	1
4085	2
4086	2
4087	2
4088	1
4089	1
4090	1
4091	1
4092	1
4093	1
4094	1
4095	2
4096	1
4097	1
4098	2
4099	1
4100	1
4101	1
4102	2
4103	2
4104	2
4105	1
4106	1
4107	1
4108	0
4109	1
4110	2
4111	2
4112	1
4113	1
4114	0
4115	0
4116	1
4117	1
4118	2
4119	2
4120	1
4121	1
4122	0
4123	2
4124	1
4125	1
4126	1
4127	1
4128	1
4129	2
4130	1
4131	2
4132	1
4133	1
4134	1
4135	2
4136	1
4137	1
4138	2
4139	2
4140	1
4141	2
4142	1
4143	1
4144	1
4145	0
4146	2
4147	2
4148	1
4149	1
4150	1
4151	2
4152	2
4153	1
4154	0
4155	0
4156	0
4157	2
4158	2
4159	2
4160	2
4161	2
4162	2
4163	1
4164	1
4165	2
4166	1
4167	2
4168	1
4169	1
4170	1
4171	2
4172	1
4173	2
4174	1
4175	1
4176	1
4177	1
4178	1
4179	0
4180	2
4181	2
4182	2
4183	2
4184	1
4185	2
4186	2
4187	1
4188	0
4189	0
4190	2
4191	2
4192	1
4193	2
4194	1
4195	1
4196	1
4197	1
4198	2
4199	2
4200	2
4201	1
4202	1
4203	1
4204	0
4205	0
4206	0
4207	2
4208	2
4209	2
4210	2
4211	1
4212	2
4213	0
4214	1
4215	0
4216	1
4217	2
4218	2
4219	2
4220	2
4221	2
4222	1
4223	1
4224	0
4225	1
4226	0
4227	2
4228	1
4229	0
4230	1
4231	1
4232	1
4233	1
4234	1
4235	1
4236	2
4237	2
4238	1
4239	1
4240	2
4241	2
4242	2
4243	2
4244	2
4245	1
4246	1
4247	1
4248	1
4249	2
4250	2
4251	1
4252	1
4253	1
4254	1
4255	1
4256	2
4257	2
4258	1
4259	1
4260	2
4261	2
4262	2
4263	2
4264	1
4265	1
4266	1
4267	2
4268	1
4269	1
4270	2
4271	1
4272	2
4273	1
4274	1
4275	1
4276	2
4277	2
4278	1
4279	2
4280	2
4281	2
4282	1
4283	1
4284	2
4285	1
4286	1
4287	1
4288	2
4289	0
4290	0
4291	1
4292	2
4293	1
4294	2
4295	1
4296	2
4297	0
4298	2
4299	1
4300	2
4301	2
4302	2
4303	2
4304	1
4305	1
4306	1
4307	2
4308	2
4309	2
4310	2
4311	0
4312	1
4313	1
4314	1
4315	1
4316	2
4317	2
4318	1
4319	2
4320	0
4321	2
4322	0
4323	1
4324	2
4325	2
4326	1
4327	2
4328	2
4329	1
4330	2
4331	2
4332	1
4333	1
4334	2
4335	1
4336	0
4337	2
4338	1
4339	2
4340	1
4341	2
4342	1
4343	1
4344	0
4345	2
4346	1
4347	2
4348	0
4349	1
4350	2
4351	2
4352	1
4353	0
4354	2
4355	2
4356	2
4357	1
4358	1
4359	2
4360	1
4361	1
4362	1
4363	0
4364	2
4365	2
4366	2
4367	1
4368	2
4369	1
4370	1
4371	2
4372	2
4373	1
4374	1
4375	2
4376	1
4377	1
4378	1
4379	1
4380	1
4381	1
4382	1
4383	1
4384	2
4385	0
4386	0
4387	2
4388	1
4389	0
4390	1
4391	2
4392	1
4393	1
4394	2
4395	2
4396	2
4397	1
4398	1
4399	1
4400	1
4401	2
4402	1
4403	2
4404	2
4405	2
4406	0
4407	2
4408	2
4409	1
4410	1
4411	2
4412	0
4413	1
4414	2
4415	2
4416	1
4417	1
4418	2
4419	2
4420	1
4421	2
4422	2
4423	1
4424	2
4425	2
4426	2
4427	1
4428	1
4429	1
4430	1
4431	2
4432	0
4433	1
4434	2
4435	2
4436	0
4437	1
4438	2
4439	2
4440	1
4441	1
4442	0
4443	2
4444	1
4445	1
4446	1
4447	2
4448	1
4449	2
4450	2
4451	1
4452	0
4453	2
4454	1
4455	1
4456	1
4457	1
4458	1
4459	2
4460	1
4461	1
4462	1
4463	2
4464	2
4465	1
4466	1
4467	1
4468	2
4469	2
4470	2
4471	1
4472	1
4473	1
4474	2
4475	1
4476	2
4477	1
4478	0
4479	1
4480	2
4481	0
4482	2
4483	2
4484	1
4485	1
4486	1
4487	2
4488	2
4489	2
4490	1
4491	1
4492	1
4493	1
4494	1
4495	2
4496	2
4497	2
4498	1
4499	1
4500	1
4501	2
4502	2
4503	2
4504	2
4505	1
4506	1
4507	1
4508	1
4509	2
4510	1
4511	0
4512	1
4513	2
4514	0
4515	2
4516	2
4517	2
4518	1
4519	0
4520	2
4521	1
4522	1
4523	2
4524	2
4525	2
4526	0
4527	2
4528	2
4529	2
4530	2
4531	1
4532	1
4533	1
4534	0
4535	1
4536	2
4537	2
4538	0
4539	1
4540	1
4541	2
4542	2
4543	2
4544	1
4545	2
4546	2
4547	1
4548	1
4549	2
4550	1
4551	1
4552	2
4553	0
4554	1
4555	2
4556	2
4557	2
4558	1
4559	2
4560	1
4561	1
4562	1
4563	2
4564	2
4565	0
4566	1
4567	1
4568	1
4569	2
4570	2
4571	2
4572	2
4573	2
4574	0
4575	2
4576	2
4577	2
4578	2
4579	2
4580	1
4581	2
4582	2
4583	1
4584	2
4585	1
4586	2
4587	2
4588	1
4589	2
4590	1
4591	2
4592	1
4593	2
4594	1
4595	1
4596	1
4597	2
4598	2
4599	1
4600	2
4601	2
4602	0
4603	2
4604	0
4605	2
4606	2
4607	2
4608	2
4609	0
4610	1
4611	1
4612	1
4613	2
4614	2
4615	2
4616	2
4617	1
4618	2
4619	0
4620	1
4621	2
4622	1
4623	0
4624	0
4625	1
4626	1
4627	1
4628	1
4629	1
4630	2
4631	2
4632	1
4633	2
4634	2
4635	2
4636	2
4637	2
4638	0
4639	0
4640	2
4641	2
4642	2
4643	1
4644	2
4645	2
4646	1
4647	2
4648	1
4649	1
4650	0
4651	1
4652	2
4653	1
4654	1
4655	2
4656	0
4657	2
4658	2
4659	0
4660	2
4661	2
4662	2
4663	1
4664	1
4665	1
4666	2
4667	1
4668	2
4669	1
4670	2
4671	0
4672	2
4673	1
4674	1
4675	1
4676	1
4677	2
4678	2
4679	1
4680	2
4681	1
4682	1
4683	1
4684	0
4685	2
4686	2
4687	1
4688	1
4689	2
4690	1
4691	1
4692	1
4693	1
4694	2
4695	2
4696	1
4697	1
4698	2
4699	1
4700	1
4701	2
4702	0
4703	1
4704	2
4705	2
4706	1
4707	2
4708	0
4709	1
4710	1
4711	1
4712	2
4713	2
4714	2
4715	2
4716	1
4717	1
4718	1
4719	2
4720	2
4721	0
4722	0
4723	1
4724	1
4725	2
4726	0
4727	1
4728	2
4729	2
4730	2
4731	2
4732	1
4733	2
4734	1
4735	2
4736	0
4737	2
4738	2
4739	1
4740	1
4741	1
4742	1
4743	1
4744	1
4745	2
4746	2
4747	2
4748	1
4749	1
4750	1
4751	1
4752	2
4753	2
4754	0
4755	2
4756	2
4757	2
4758	1
4759	1
4760	2
4761	2
4762	2
4763	0
4764	1
4765	2
4766	0
4767	1
4768	1
4769	1
4770	0
4771	1
4772	2
4773	2
4774	2
4775	1
4776	2
4777	1
4778	1
4779	1
4780	2
4781	2
4782	1
4783	0
4784	2
4785	2
4786	1
4787	2
4788	2
4789	2
4790	1
4791	1
4792	2
4793	2
4794	2
4795	1
4796	0
4797	1
4798	1
4799	1
4800	2
4801	1
4802	1
4803	2
4804	2
4805	2
4806	2
4807	2
4808	1
4809	1
4810	1
4811	1
4812	1
4813	2
4814	2
4815	2
4816	2
4817	2
4818	2
4819	1
4820	1
4821	1
4822	1
4823	1
4824	2
4825	1
4826	1
4827	2
4828	1
4829	1
4830	1
4831	1
4832	1
4833	2
4834	0
4835	0
4836	2
4837	1
4838	2
4839	2
4840	1
4841	2
4842	0
4843	1
4844	1
4845	0
4846	1
4847	1
4848	1
4849	1
4850	2
4851	2
4852	2
4853	0
4854	1
4855	1
4856	1
4857	0
4858	1
4859	1
4860	2
4861	2
4862	1
4863	2
4864	0
4865	2
4866	2
4867	1
4868	2
4869	2
4870	1
4871	2
4872	2
4873	0
4874	0
4875	0
4876	1
4877	1
4878	2
4879	2
4880	1
4881	2
4882	1
4883	2
4884	2
4885	1
4886	2
4887	2
4888	2
4889	2
4890	1
4891	2
4892	2
4893	0
4894	1
4895	1
4896	1
4897	1
4898	1
4899	2
4900	1
4901	2
4902	2
4903	1
4904	1
4905	0
4906	2
4907	2
4908	1
4909	2
4910	1
4911	2
4912	0
4913	0
4914	2
4915	2
4916	1
4917	2
4918	0
4919	1
4920	0
4921	1
4922	0
4923	2
4924	2
4925	2
4926	2
4927	1
4928	1
4929	1
4930	0
4931	2
4932	1
4933	2
4934	1
4935	1
4936	2
4937	2
4938	0
4939	1
4940	0
4941	2
4942	1
4943	2
4944	1
4945	2
4946	2
4947	2
4948	2
4949	1
4950	2
4951	1
4952	2
4953	1
4954	2
4955	1
4956	1
4957	1
4958	2
4959	0
4960	2
4961	2
4962	2
4963	1
4964	1
4965	1
4966	1
4967	0
4968	1
4969	1
4970	1
4971	0
4972	2
4973	2
4974	2
4975	1
4976	1
4977	2
4978	1
4979	2
4980	2
4981	1
4982	1
4983	2
4984	2
4985	1
4986	1
4987	1
4988	2
4989	1
4990	2
4991	2
4992	1
4993	1
4994	2
4995	2
4996	1
4997	1
4998	0
4999	2
5000	1
5001	2
5002	2
5003	1
5004	1
5005	1
5006	2
5007	2
5008	0
5009	1
5010	0
5011	2
5012	2
5013	1
5014	2
5015	2
5016	2
5017	1
5018	1
5019	1
5020	2
5021	2
5022	2
5023	1
5024	2
5025	1
5026	2
5027	2
5028	2
5029	1
5030	1
5031	1
5032	2
5033	1
5034	1
5035	2
5036	2
5037	1
5038	2
5039	2
5040	2
5041	0
5042	1
5043	1
5044	1
5045	2
5046	1
5047	2
5048	2
5049	2
5050	2
5051	1
5052	1
5053	1
5054	1
5055	2
5056	1
5057	1
5058	1
5059	1
5060	2
5061	1
5062	1
5063	1
5064	2
5065	1
5066	2
5067	1
5068	1
5069	1
5070	1
5071	2
5072	0
5073	0
5074	0
5075	2
5076	2
5077	2
5078	2
5079	2
5080	2
5081	2
5082	2
5083	2
5084	1
5085	2
5086	1
5087	2
5088	2
5089	2
5090	2
5091	1
5092	2
5093	1
5094	1
5095	1
5096	2
5097	1
5098	2
5099	1
5100	2
5101	1
5102	2
5103	1
5104	2
5105	2
5106	2
5107	1
5108	1
5109	1
5110	1
5111	2
5112	1
5113	1
5114	1
5115	1
5116	2
5117	1
5118	1
5119	2
5120	1
5121	1
5122	1
5123	1
5124	2
5125	1
5126	2
5127	1
5128	0
5129	2
5130	2
5131	1
5132	1
5133	2
5134	2
5135	1
5136	2
5137	2
5138	1
5139	1
5140	1
5141	0
5142	2
5143	1
5144	1
5145	2
5146	2
5147	1
5148	1
5149	1
5150	1
5151	2
5152	0
5153	1
5154	2
5155	2
5156	1
5157	1
5158	1
5159	1
5160	2
5161	2
5162	2
5163	0
5164	1
5165	2
5166	1
5167	1
5168	0
5169	2
5170	2
5171	2
5172	0
5173	2
5174	0
5175	2
5176	2
5177	2
5178	2
5179	1
5180	1
5181	2
5182	1
5183	1
5184	1
5185	1
5186	1
5187	1
5188	2
5189	1
5190	1
5191	2
5192	2
5193	1
5194	2
5195	2
5196	1
5197	0
5198	2
5199	0
5200	1
5201	2
5202	1
5203	2
5204	1
5205	1
5206	2
5207	1
5208	2
5209	1
5210	1
5211	1
5212	2
5213	2
5214	2
5215	2
5216	2
5217	1
5218	1
5219	0
5220	2
5221	1
5222	2
5223	1
5224	1
5225	0
5226	1
5227	1
5228	1
5229	1
5230	1
5231	1
5232	1
5233	1
5234	1
5235	1
5236	1
5237	2
5238	2
5239	1
5240	1
5241	2
5242	1
5243	1
5244	1
5245	2
5246	1
5247	1
5248	1
5249	2
5250	2
5251	0
5252	1
5253	1
5254	2
5255	2
5256	1
5257	1
5258	1
5259	2
5260	2
5261	1
5262	1
5263	1
5264	2
5265	2
5266	2
5267	2
5268	2
5269	2
5270	1
5271	1
5272	2
5273	2
5274	1
5275	0
5276	2
5277	1
5278	1
5279	1
5280	1
5281	1
5282	1
5283	0
5284	2
5285	1
5286	1
5287	1
5288	1
5289	0
5290	2
5291	2
5292	2
5293	2
5294	1
5295	1
5296	1
5297	2
5298	2
5299	1
5300	1
5301	1
5302	1
5303	2
5304	2
5305	1
5306	1
5307	2
5308	1
5309	1
5310	0
5311	2
5312	2
5313	2
5314	2
5315	0
5316	2
5317	2
5318	0
5319	1
5320	1
5321	2
5322	2
5323	0
5324	2
5325	2
5326	0
5327	2
5328	1
5329	2
5330	0
5331	2
5332	2
5333	1
5334	1
5335	2
5336	2
5337	2
5338	1
5339	1
5340	1
5341	1
5342	1
5343	1
5344	2
5345	1
5346	1
5347	2
5348	1
5349	0
5350	0
5351	2
5352	2
5353	0
5354	1
5355	2
5356	2
5357	2
5358	1
5359	1
5360	0
5361	2
5362	2
5363	2
5364	2
5365	2
5366	2
5367	1
5368	1
5369	1
5370	0
5371	1
5372	2
5373	1
5374	1
5375	1
5376	0
5377	1
5378	1
5379	1
5380	2
5381	1
5382	0
5383	0
5384	1
5385	2
5386	1
5387	2
5388	2
5389	1
5390	0
5391	1
5392	0
5393	1
5394	1
5395	2
5396	1
5397	2
5398	2
5399	1
5400	2
5401	2
5402	2
5403	2
5404	1
5405	1
5406	0
5407	2
5408	1
5409	1
5410	1
5411	2
5412	1
5413	1
5414	1
5415	2
5416	1
5417	2
5418	1
5419	1
5420	2
5421	1
5422	2
5423	2
5424	2
5425	2
5426	1
5427	1
5428	1
5429	2
5430	2
5431	2
5432	1
5433	1
5434	1
5435	2
5436	2
5437	2
5438	2
5439	1
5440	2
5441	1
5442	1
5443	2
5444	1
5445	1
5446	2
5447	2
5448	0
5449	1
5450	1
5451	1
5452	1
5453	1
5454	2
5455	2
5456	1
5457	1
5458	1
5459	2
5460	2
5461	2
5462	2
5463	2
5464	1
5465	2
5466	0
5467	2
5468	2
5469	1
5470	1
5471	0
5472	2
5473	1
5474	2
5475	1
5476	2
5477	2
5478	2
5479	1
5480	2
5481	2
5482	1
5483	1
5484	1
5485	1
5486	2
5487	2
5488	1
5489	1
5490	0
5491	2
5492	2
5493	1
5494	2
5495	1
5496	1
5497	2
5498	1
5499	2
5500	1
5501	1
5502	0
5503	2
5504	1
5505	1
5506	1
5507	1
5508	1
5509	1
5510	2
5511	0
5512	2
5513	2
5514	1
5515	0
5516	0
5517	0
5518	1
5519	1
5520	1
5521	0
5522	1
5523	2
5524	1
5525	1
5526	2
5527	2
5528	1
5529	1
5530	1
5531	1
5532	2
5533	1
5534	1
5535	1
5536	2
5537	0
5538	2
5539	1
5540	2
5541	1
5542	2
5543	1
5544	1
5545	0
5546	2
5547	1
5548	2
5549	1
5550	1
5551	2
5552	1
5553	2
5554	2
5555	1
5556	2
5557	0
5558	2
5559	1
5560	0
5561	2
5562	1
5563	2
5564	1
5565	2
5566	1
5567	1
5568	0
5569	2
5570	1
5571	2
5572	1
5573	2
5574	1
5575	1
5576	1
5577	0
5578	1
5579	0
5580	2
5581	2
5582	2
5583	1
5584	1
5585	2
5586	2
5587	2
5588	1
5589	1
5590	1
5591	2
5592	2
5593	0
5594	1
5595	1
5596	1
5597	2
5598	2
5599	1
5600	0
5601	2
5602	2
5603	1
5604	1
5605	1
5606	2
5607	2
5608	1
5609	1
5610	1
5611	1
5612	1
5613	2
5614	2
5615	2
5616	1
5617	2
5618	1
5619	1
5620	2
5621	1
5622	2
5623	2
5624	2
5625	2
5626	2
5627	2
5628	2
5629	1
5630	0
5631	0
5632	1
5633	1
5634	1
5635	1
5636	0
5637	0
5638	1
5639	1
5640	2
5641	2
5642	2
5643	1
5644	2
5645	1
5646	1
5647	1
5648	1
5649	2
5650	1
5651	1
5652	2
5653	2
5654	2
5655	1
5656	0
5657	2
5658	2
5659	1
5660	1
5661	1
5662	2
5663	1
5664	2
5665	2
5666	2
5667	0
5668	1
5669	2
5670	1
5671	1
5672	1
5673	2
5674	1
5675	2
5676	1
5677	1
5678	2
5679	0
5680	1
5681	1
5682	2
5683	0
5684	2
5685	2
5686	2
5687	2
5688	2
5689	0
5690	1
5691	2
5692	2
5693	2
5694	2
5695	2
5696	1
5697	1
5698	1
5699	2
5700	2
5701	1
5702	1
5703	0
5704	1
5705	2
5706	2
5707	2
5708	0
5709	2
5710	2
5711	2
5712	2
5713	1
5714	2
5715	2
5716	1
5717	1
5718	1
5719	0
5720	2
5721	2
5722	0
5723	0
5724	1
5725	1
5726	2
5727	2
5728	2
5729	2
5730	1
5731	1
5732	1
5733	1
5734	1
5735	2
5736	1
5737	2
5738	2
5739	1
5740	1
5741	2
5742	1
5743	2
5744	0
5745	2
5746	2
5747	1
5748	1
5749	2
5750	1
5751	2
5752	2
5753	1
5754	1
5755	2
5756	1
5757	1
5758	2
5759	2
5760	2
5761	2
5762	1
5763	2
5764	1
5765	2
5766	2
5767	1
5768	2
5769	0
5770	2
5771	2
5772	1
5773	2
5774	2
5775	1
5776	2
5777	1
5778	1
5779	2
5780	2
5781	0
5782	1
5783	2
5784	0
5785	0
5786	1
5787	1
5788	0
5789	1
5790	2
5791	0
5792	2
5793	2
5794	2
5795	1
5796	1
5797	1
5798	1
5799	1
5800	2
5801	1
5802	0
5803	2
5804	1
5805	2
5806	0
5807	2
5808	2
5809	1
5810	2
5811	0
5812	1
5813	1
5814	0
5815	1
5816	1
5817	2
5818	1
5819	1
5820	2
5821	2
5822	1
5823	2
5824	1
5825	0
5826	2
5827	2
5828	1
5829	1
5830	2
5831	2
5832	1
5833	2
5834	2
5835	2
5836	0
5837	1
5838	2
5839	2
5840	2
5841	1
5842	1
5843	2
5844	1
5845	2
5846	1
5847	1
5848	1
5849	2
5850	2
5851	0
5852	2
5853	2
5854	1
5855	2
5856	1
5857	2
5858	2
5859	1
5860	0
5861	1
5862	2
5863	2
5864	0
5865	1
5866	1
5867	2
5868	1
5869	2
5870	2
5871	2
5872	0
5873	2
5874	0
5875	1
5876	2
5877	1
5878	2
5879	1
5880	1
5881	1
5882	2
5883	1
5884	1
5885	2
5886	2
5887	2
5888	1
5889	1
5890	2
5891	0
5892	1
5893	1
5894	2
5895	1
5896	1
5897	0
5898	1
5899	1
5900	2
5901	1
5902	1
5903	2
5904	2
5905	1
5906	1
5907	2
5908	2
5909	2
5910	1
5911	1
5912	1
5913	2
5914	2
5915	1
5916	2
5917	2
5918	1
5919	1
5920	2
5921	1
5922	2
5923	2
5924	2
5925	1
5926	2
5927	2
5928	2
5929	1
5930	0
5931	2
5932	2
5933	2
5934	2
5935	2
5936	1
5937	1
5938	1
5939	0
5940	1
5941	2
5942	2
5943	2
5944	2
5945	0
5946	0
5947	1
5948	1
5949	2
5950	2
5951	1
5952	2
5953	2
5954	1
5955	2
5956	2
5957	1
5958	1
5959	0
5960	1
5961	1
5962	1
5963	2
5964	1
5965	2
5966	1
5967	0
5968	1
5969	1
5970	2
5971	1
5972	1
5973	1
5974	2
5975	1
5976	1
5977	1
5978	1
5979	2
5980	1
5981	2
5982	1
5983	2
5984	1
5985	1
5986	2
5987	2
5988	1
5989	1
5990	0
5991	2
5992	1
5993	1
5994	2
5995	2
5996	0
5997	2
5998	2
5999	1
6000	1
6001	1
6002	1
6003	2
6004	1
6005	1
6006	2
6007	1
6008	1
6009	2
6010	2
6011	2
6012	1
6013	2
6014	2
6015	1
6016	1
6017	1
6018	1
6019	1
6020	1
6021	1
6022	2
6023	2
6024	0
6025	1
6026	1
6027	1
6028	2
6029	0
6030	2
6031	1
6032	2
6033	2
6034	1
6035	0
6036	1
6037	1
6038	2
6039	2
6040	1
6041	2
6042	1
6043	2
6044	1
6045	1
6046	1
6047	1
6048	1
6049	2
6050	2
6051	2
6052	2
6053	0
6054	1
6055	2
6056	2
6057	0
6058	2
6059	1
6060	0
6061	1
6062	1
6063	2
6064	1
6065	1
6066	0
6067	1
6068	2
6069	2
6070	1
6071	1
6072	1
6073	2
6074	0
6075	2
6076	1
6077	2
6078	1
6079	1
6080	1
6081	1
6082	1
6083	1
6084	2
6085	1
6086	0
6087	2
6088	1
6089	2
6090	1
6091	2
6092	2
6093	1
6094	1
6095	0
6096	1
6097	2
6098	1
6099	0
6100	2
6101	2
6102	2
6103	1
6104	1
6105	1
6106	2
6107	2
6108	2
6109	1
6110	2
6111	1
6112	1
6113	2
6114	2
6115	1
6116	2
6117	1
6118	1
6119	1
6120	1
6121	2
6122	0
6123	2
6124	1
6125	2
6126	1
6127	2
6128	1
6129	1
6130	0
6131	2
6132	1
6133	1
6134	1
6135	0
6136	2
6137	0
6138	2
6139	1
6140	1
6141	1
6142	2
6143	2
6144	2
6145	1
6146	1
6147	1
6148	2
6149	2
6150	2
6151	0
6152	1
6153	1
6154	1
6155	0
6156	1
6157	1
6158	1
6159	2
6160	1
6161	2
6162	1
6163	1
6164	2
6165	2
6166	1
6167	2
6168	2
6169	2
6170	1
6171	2
6172	2
6173	1
6174	1
6175	1
6176	1
6177	2
6178	1
6179	2
6180	1
6181	1
6182	0
6183	1
6184	2
6185	2
6186	1
6187	1
6188	1
6189	2
6190	1
6191	1
6192	2
6193	1
6194	1
6195	2
6196	0
6197	1
6198	1
6199	2
6200	1
6201	2
6202	1
6203	1
6204	1
6205	1
6206	2
6207	1
6208	2
6209	1
6210	1
6211	0
6212	2
6213	2
6214	2
6215	2
6216	1
6217	1
6218	1
6219	1
6220	1
6221	2
6222	2
6223	0
6224	2
6225	1
6226	1
6227	2
6228	1
6229	2
6230	2
6231	1
6232	0
6233	1
6234	2
6235	2
6236	1
6237	2
6238	1
6239	2
6240	1
6241	2
6242	1
6243	2
6244	1
6245	2
6246	1
6247	1
6248	2
6249	1
6250	2
6251	2
6252	1
6253	1
6254	1
6255	1
6256	2
6257	0
6258	2
6259	1
6260	1
6261	1
6262	2
6263	1
6264	1
6265	1
6266	0
6267	2
6268	2
6269	2
6270	1
6271	1
6272	0
6273	2
6274	0
6275	1
6276	1
6277	1
6278	2
6279	1
6280	1
6281	1
6282	1
6283	1
6284	2
6285	0
6286	2
6287	2
6288	1
6289	1
6290	1
6291	1
6292	2
6293	1
6294	2
6295	0
6296	2
6297	2
6298	2
6299	1
6300	2
6301	1
6302	0
6303	1
6304	2
6305	2
6306	1
6307	0
6308	2
6309	1
6310	2
6311	2
6312	1
6313	1
6314	2
6315	2
6316	1
6317	2
6318	1
6319	1
6320	1
6321	1
6322	2
6323	1
6324	2
6325	1
6326	2
6327	0
6328	1
6329	1
6330	2
6331	1
6332	0
6333	1
6334	1
6335	2
6336	1
6337	1
6338	2
6339	2
6340	2
6341	1
6342	1
6343	0
6344	1
6345	0
6346	2
6347	1
6348	1
6349	1
6350	0
6351	1
6352	2
6353	2
6354	2
6355	2
6356	2
6357	2
6358	2
6359	2
6360	1
6361	1
6362	1
6363	2
6364	0
6365	1
6366	2
6367	2
6368	0
6369	0
6370	1
6371	1
6372	1
6373	0
6374	1
6375	0
6376	1
6377	1
6378	2
6379	2
6380	2
6381	1
6382	2
6383	1
6384	2
6385	1
6386	0
6387	1
6388	2
6389	0
6390	1
6391	2
6392	1
6393	2
6394	2
6395	2
6396	1
6397	1
6398	2
6399	2
6400	1
6401	1
6402	2
6403	1
6404	2
6405	2
6406	1
6407	1
6408	1
6409	1
6410	2
6411	2
6412	2
6413	2
6414	1
6415	2
6416	2
6417	2
6418	2
6419	2
6420	2
6421	1
6422	1
6423	2
6424	1
6425	2
6426	2
6427	2
6428	2
6429	2
6430	2
6431	2
6432	1
6433	1
6434	1
6435	2
6436	2
6437	1
6438	1
6439	0
6440	2
6441	1
6442	1
6443	1
6444	2
6445	2
6446	0
6447	2
6448	2
6449	1
6450	2
6451	2
6452	1
6453	0
6454	2
6455	2
6456	2
6457	1
6458	0
6459	1
6460	2
6461	2
6462	2
6463	2
6464	2
6465	2
6466	1
6467	0
6468	2
6469	1
6470	0
6471	2
6472	2
6473	2
6474	1
6475	1
6476	0
6477	1
6478	2
6479	1
6480	1
6481	2
6482	1
6483	2
6484	0
6485	1
6486	1
6487	2
6488	2
6489	2
6490	2
6491	2
6492	2
6493	0
6494	1
6495	1
6496	2
6497	2
6498	1
6499	2
6500	2
6501	2
6502	1
6503	2
6504	2
6505	2
6506	1
6507	2
6508	1
6509	1
6510	1
6511	1
6512	1
6513	0
6514	2
6515	1
6516	1
6517	1
6518	2
6519	2
6520	0
6521	1
6522	2
6523	2
6524	0
6525	2
6526	0
6527	2
6528	2
6529	2
6530	2
6531	2
6532	2
6533	1
6534	0
6535	2
6536	1
6537	1
6538	1
6539	2
6540	0
6541	1
6542	1
6543	2
6544	1
6545	1
6546	2
6547	1
6548	2
6549	2
6550	2
6551	2
6552	1
6553	0
6554	2
6555	2
6556	2
6557	2
6558	1
6559	1
6560	1
6561	2
6562	2
6563	1
6564	1
6565	1
6566	1
6567	2
6568	1
6569	0
6570	2
6571	0
6572	1
6573	1
6574	2
6575	1
6576	2
6577	0
6578	1
6579	2
6580	2
6581	1
6582	1
6583	2
6584	1
6585	2
6586	2
6587	1
6588	2
6589	0
6590	1
6591	1
6592	0
6593	2
6594	2
6595	1
6596	1
6597	2
6598	2
6599	1
6600	1
6601	2
6602	1
6603	2
6604	1
6605	1
6606	2
6607	1
6608	1
6609	2
6610	1
6611	1
6612	1
6613	1
6614	1
6615	1
6616	1
6617	2
6618	2
6619	1
6620	1
6621	1
6622	2
6623	1
6624	2
6625	1
6626	1
6627	1
6628	2
6629	1
6630	0
6631	1
6632	2
6633	2
6634	1
6635	1
6636	2
6637	1
6638	0
6639	2
6640	2
6641	1
6642	2
6643	0
6644	2
6645	0
6646	1
6647	2
6648	2
6649	2
6650	0
6651	1
6652	1
6653	2
6654	1
6655	1
6656	1
6657	1
6658	2
6659	1
6660	2
6661	2
6662	2
6663	1
6664	2
6665	1
6666	0
6667	2
6668	2
6669	1
6670	2
6671	2
6672	0
6673	2
6674	1
6675	1
6676	2
6677	2
6678	1
6679	2
6680	1
6681	1
6682	2
6683	2
6684	0
6685	2
6686	0
6687	1
6688	2
6689	1
6690	0
6691	2
6692	0
6693	2
6694	1
6695	1
6696	1
6697	1
6698	2
6699	2
6700	2
6701	2
6702	2
6703	2
6704	2
6705	1
6706	1
6707	2
6708	1
6709	1
6710	1
6711	1
6712	0
6713	2
6714	1
6715	1
6716	0
6717	2
6718	1
6719	1
6720	2
6721	2
6722	2
6723	2
6724	2
6725	2
6726	2
6727	2
6728	2
6729	2
6730	2
6731	0
6732	2
6733	1
6734	1
6735	2
6736	2
6737	1
6738	2
6739	1
6740	2
6741	2
6742	1
6743	1
6744	2
6745	1
6746	1
6747	2
6748	1
6749	2
6750	2
6751	1
6752	2
6753	2
6754	2
6755	2
6756	1
6757	1
6758	2
6759	2
6760	1
6761	1
6762	1
6763	1
6764	2
6765	1
6766	0
6767	2
6768	1
6769	1
6770	2
6771	0
6772	0
6773	2
6774	0
6775	0
6776	0
6777	0
6778	1
6779	0
6780	1
6781	2
6782	1
6783	2
6784	0
6785	1
6786	1
6787	2
6788	1
6789	1
6790	2
6791	0
6792	1
6793	1
6794	0
6795	1
6796	1
6797	2
6798	2
6799	1
6800	2
6801	2
6802	2
6803	2
6804	2
6805	1
6806	2
6807	2
6808	1
6809	2
6810	1
6811	1
6812	1
6813	2
6814	0
6815	1
6816	1
6817	1
6818	1
6819	0
6820	2
6821	2
6822	2
6823	1
6824	1
6825	1
6826	1
6827	2
6828	1
6829	2
6830	2
6831	2
6832	1
6833	0
6834	1
6835	1
6836	2
6837	2
6838	1
6839	2
6840	2
6841	2
6842	1
6843	2
6844	1
6845	2
6846	0
6847	1
6848	1
6849	2
6850	1
6851	2
6852	2
6853	2
6854	2
6855	2
6856	1
6857	1
6858	1
6859	1
6860	2
6861	2
6862	1
6863	1
6864	2
6865	0
6866	2
6867	2
6868	1
6869	2
6870	0
6871	0
6872	1
6873	1
6874	1
6875	1
6876	2
6877	1
6878	1
6879	2
6880	2
6881	1
6882	2
6883	2
6884	1
6885	2
6886	1
6887	2
6888	1
6889	1
6890	2
6891	1
6892	0
6893	2
6894	2
6895	2
6896	0
6897	2
6898	2
6899	1
6900	1
6901	2
6902	1
6903	1
6904	1
6905	1
6906	2
6907	1
6908	2
6909	1
6910	2
6911	1
6912	1
6913	1
6914	2
6915	1
6916	2
6917	1
6918	1
6919	0
6920	2
6921	0
6922	0
6923	0
6924	2
6925	1
6926	1
6927	1
6928	2
6929	2
6930	2
6931	2
6932	2
6933	1
6934	2
6935	2
6936	2
6937	2
6938	1
6939	1
6940	2
6941	2
6942	1
6943	0
6944	2
6945	1
6946	2
6947	2
6948	2
6949	1
6950	1
6951	2
6952	1
6953	1
6954	2
6955	2
6956	2
6957	2
6958	0
6959	2
6960	0
6961	2
6962	1
6963	1
6964	1
6965	1
6966	2
6967	2
6968	1
6969	1
6970	1
6971	2
6972	2
6973	2
6974	2
6975	1
6976	1
6977	2
6978	1
6979	2
6980	2
6981	1
6982	2
6983	0
6984	1
6985	1
6986	1
6987	2
6988	1
6989	2
6990	2
6991	2
6992	1
6993	2
6994	2
6995	1
6996	0
6997	2
6998	1
6999	2
7000	2
7001	1
7002	1
7003	2
7004	0
7005	1
7006	2
7007	1
7008	1
7009	1
7010	1
7011	2
7012	1
7013	1
7014	1
7015	1
7016	2
7017	1
7018	2
7019	1
7020	1
7021	2
7022	1
7023	2
7024	2
7025	1
7026	2
7027	1
7028	2
7029	1
7030	0
7031	2
7032	2
7033	2
7034	1
7035	1
7036	2
7037	2
7038	2
7039	2
7040	1
7041	2
7042	1
7043	1
7044	1
7045	2
7046	0
7047	2
7048	2
7049	2
7050	1
7051	1
7052	2
7053	1
7054	2
7055	2
7056	2
7057	2
7058	2
7059	2
7060	1
7061	0
7062	1
7063	1
7064	1
7065	1
7066	2
7067	0
7068	1
7069	1
7070	1
7071	2
7072	0
7073	2
7074	1
7075	1
7076	1
7077	1
7078	1
7079	1
7080	1
7081	2
7082	1
7083	2
7084	1
7085	2
7086	1
7087	1
7088	1
7089	1
7090	1
7091	1
7092	2
7093	1
7094	0
7095	2
7096	1
7097	2
7098	2
7099	2
7100	2
7101	1
7102	1
7103	1
7104	1
7105	1
7106	1
7107	2
7108	0
7109	1
7110	2
7111	0
7112	1
7113	2
7114	1
7115	2
7116	0
7117	1
7118	2
7119	1
7120	2
7121	1
7122	1
7123	1
7124	2
7125	2
7126	1
7127	1
7128	2
7129	1
7130	2
7131	2
7132	1
7133	2
7134	1
7135	1
7136	1
7137	2
7138	2
7139	2
7140	2
7141	2
7142	1
7143	1
7144	0
7145	2
7146	1
7147	1
7148	1
7149	2
7150	1
7151	0
7152	2
7153	2
7154	2
7155	1
7156	2
7157	1
7158	2
7159	1
7160	2
7161	2
7162	2
7163	1
7164	1
7165	1
7166	2
7167	0
7168	2
7169	1
7170	2
7171	2
7172	1
7173	0
7174	1
7175	2
7176	0
7177	1
7178	2
7179	1
7180	1
7181	0
7182	1
7183	1
7184	1
7185	1
7186	1
7187	1
7188	2
7189	2
7190	2
7191	2
7192	1
7193	1
7194	1
7195	2
7196	2
7197	0
7198	2
7199	2
7200	2
7201	1
7202	1
7203	2
7204	1
7205	1
7206	1
7207	1
7208	1
7209	0
7210	1
7211	2
7212	1
7213	2
7214	1
7215	1
7216	1
7217	1
7218	1
7219	1
7220	2
7221	1
7222	2
7223	2
7224	1
7225	2
7226	0
7227	1
7228	0
7229	1
7230	2
7231	1
7232	1
7233	1
7234	1
7235	0
7236	2
7237	2
7238	0
7239	1
7240	0
7241	2
7242	1
7243	1
7244	2
7245	1
7246	1
7247	2
7248	1
7249	2
7250	0
7251	2
7252	1
7253	0
7254	2
7255	2
7256	1
7257	1
7258	1
7259	2
7260	1
7261	0
7262	1
7263	2
7264	1
7265	2
7266	1
7267	2
7268	1
7269	0
7270	1
7271	2
7272	2
7273	1
7274	1
7275	1
7276	2
7277	2
7278	2
7279	1
7280	1
7281	1
7282	1
7283	1
7284	1
7285	1
7286	1
7287	2
7288	2
7289	1
7290	1
7291	2
7292	1
7293	1
7294	2
7295	1
7296	1
7297	1
7298	2
7299	1
7300	2
7301	2
7302	2
7303	2
7304	1
7305	2
7306	1
7307	2
7308	2
7309	2
7310	0
7311	2
7312	1
7313	2
7314	2
7315	2
7316	1
7317	0
7318	2
7319	0
7320	2
7321	1
7322	1
7323	1
7324	1
7325	1
7326	0
7327	1
7328	2
7329	2
7330	2
7331	2
7332	0
7333	1
7334	2
7335	1
7336	1
7337	1
7338	0
7339	2
7340	2
7341	1
7342	2
7343	2
7344	1
7345	1
7346	2
7347	1
7348	2
7349	1
7350	1
7351	1
7352	2
7353	1
7354	1
7355	1
7356	1
7357	2
7358	1
7359	2
7360	1
7361	1
7362	2
7363	2
7364	1
7365	1
7366	1
7367	1
7368	2
7369	1
7370	1
7371	1
7372	1
7373	1
7374	2
7375	0
7376	0
7377	0
7378	1
7379	1
7380	2
7381	2
7382	1
7383	2
7384	1
7385	2
7386	1
7387	1
7388	2
7389	1
7390	1
7391	2
7392	2
7393	2
7394	1
7395	2
7396	1
7397	1
7398	1
7399	2
7400	2
7401	1
7402	2
7403	1
7404	1
7405	0
7406	2
7407	1
7408	1
7409	2
7410	1
7411	2
7412	0
7413	2
7414	2
7415	1
7416	1
7417	1
7418	1
7419	2
7420	1
7421	0
7422	2
7423	1
7424	0
7425	1
7426	1
7427	2
7428	1
7429	2
7430	1
7431	1
7432	2
7433	1
7434	2
7435	2
7436	2
7437	0
7438	1
7439	1
7440	0
7441	2
7442	1
7443	1
7444	1
7445	1
7446	2
7447	2
7448	2
7449	1
7450	0
7451	1
7452	1
7453	2
7454	2
7455	2
7456	1
7457	1
7458	1
7459	2
7460	2
7461	1
7462	1
7463	0
7464	2
7465	2
7466	1
7467	1
7468	1
7469	1
7470	1
7471	2
7472	0
7473	1
7474	2
7475	2
7476	2
7477	1
7478	1
7479	2
7480	2
7481	1
7482	1
7483	1
7484	2
7485	1
7486	2
7487	1
7488	1
7489	2
7490	2
7491	1
7492	2
7493	1
7494	2
7495	2
7496	2
7497	0
7498	0
7499	1
7500	0
7501	1
7502	1
7503	2
7504	2
7505	1
7506	2
7507	1
7508	1
7509	0
7510	2
7511	0
7512	2
7513	1
7514	2
7515	1
7516	0
7517	1
7518	0
7519	1
7520	0
7521	1
7522	1
7523	0
7524	2
7525	2
7526	2
7527	1
7528	1
7529	2
7530	2
7531	2
7532	1
7533	2
7534	2
7535	2
7536	1
7537	1
7538	1
7539	1
7540	2
7541	2
7542	2
7543	1
7544	1
7545	2
7546	2
7547	2
7548	2
7549	0
7550	1
7551	1
7552	2
7553	2
7554	2
7555	1
7556	1
7557	2
7558	1
7559	0
7560	1
7561	1
7562	2
7563	1
7564	0
7565	2
7566	1
7567	2
7568	2
7569	0
7570	1
7571	1
7572	1
7573	1
7574	2
7575	2
7576	2
7577	2
7578	1
7579	1
7580	0
7581	1
7582	1
7583	1
7584	0
7585	1
7586	1
7587	2
7588	1
7589	1
7590	1
7591	2
7592	2
7593	2
7594	1
7595	1
7596	1
7597	1
7598	2
7599	1
7600	2
7601	1
7602	1
7603	1
7604	1
7605	1
7606	2
7607	1
7608	2
7609	2
7610	1
7611	2
7612	1
7613	0
7614	1
7615	2
7616	2
7617	1
7618	1
7619	2
7620	1
7621	0
7622	1
7623	2
7624	2
7625	2
7626	2
7627	1
7628	2
7629	1
7630	1
7631	1
7632	1
7633	2
7634	2
7635	1
7636	1
7637	1
7638	1
7639	2
7640	1
7641	1
7642	2
7643	1
7644	1
7645	1
7646	1
7647	2
7648	1
7649	2
7650	1
7651	1
7652	2
7653	1
7654	2
7655	2
7656	1
7657	2
7658	1
7659	2
7660	1
7661	1
7662	1
7663	2
7664	1
7665	2
7666	2
7667	2
7668	1
7669	2
7670	2
7671	1
7672	1
7673	1
7674	1
7675	0
7676	2
7677	2
7678	1
7679	2
7680	1
7681	1
7682	1
7683	2
7684	1
7685	1
7686	1
7687	1
7688	2
7689	2
7690	1
7691	2
7692	1
7693	2
7694	1
7695	2
7696	1
7697	2
7698	1
7699	1
7700	1
7701	2
7702	1
7703	2
7704	0
7705	0
7706	1
7707	1
7708	1
7709	2
7710	1
7711	1
7712	2
7713	2
7714	2
7715	2
7716	1
7717	2
7718	1
7719	2
7720	1
7721	1
7722	1
7723	1
7724	0
7725	0
7726	1
7727	2
7728	2
7729	2
7730	2
7731	0
7732	2
7733	2
7734	1
7735	2
7736	1
7737	0
7738	2
7739	1
7740	2
7741	1
7742	2
7743	1
7744	0
7745	1
7746	1
7747	2
7748	1
7749	1
7750	1
7751	2
7752	2
7753	1
7754	1
7755	1
7756	1
7757	1
7758	2
7759	1
7760	1
7761	1
7762	2
7763	2
7764	1
7765	2
7766	1
7767	0
7768	2
7769	1
7770	2
7771	1
7772	2
7773	0
7774	1
7775	2
7776	1
7777	1
7778	2
7779	1
7780	1
7781	1
7782	1
7783	1
7784	1
7785	2
7786	1
7787	1
7788	1
7789	2
7790	1
7791	0
7792	2
7793	1
7794	1
7795	1
7796	2
7797	2
7798	1
7799	1
7800	1
7801	1
7802	1
7803	2
7804	2
7805	1
7806	2
7807	2
7808	2
7809	2
7810	1
7811	1
7812	0
7813	2
7814	2
7815	1
7816	2
7817	2
7818	2
7819	1
7820	2
7821	2
7822	1
7823	2
7824	2
7825	1
7826	2
7827	2
7828	2
7829	1
7830	1
7831	1
7832	1
7833	2
7834	2
7835	0
7836	2
7837	2
7838	1
7839	1
7840	2
7841	2
7842	0
7843	2
7844	2
7845	1
7846	2
7847	2
7848	2
7849	2
7850	2
7851	1
7852	0
7853	1
7854	2
7855	1
7856	2
7857	1
7858	2
7859	1
7860	1
7861	2
7862	1
7863	2
7864	2
7865	2
7866	1
7867	0
7868	1
7869	1
7870	1
7871	1
7872	1
7873	2
7874	1
7875	2
7876	1
7877	1
7878	1
7879	1
7880	2
7881	1
7882	1
7883	1
7884	1
7885	1
7886	2
7887	1
7888	0
7889	2
7890	2
7891	2
7892	1
7893	2
7894	1
7895	1
7896	1
7897	2
7898	1
7899	2
7900	1
7901	1
7902	0
7903	1
7904	2
7905	2
7906	1
7907	2
7908	2
7909	1
7910	1
7911	1
7912	1
7913	1
7914	2
7915	1
7916	1
7917	0
7918	2
7919	2
7920	2
7921	2
7922	2
7923	0
7924	1
7925	2
7926	1
7927	2
7928	1
7929	1
7930	2
7931	1
7932	1
7933	2
7934	1
7935	1
7936	0
7937	0
7938	2
7939	1
7940	1
7941	1
7942	1
7943	1
7944	1
7945	0
7946	2
7947	2
7948	1
7949	2
7950	1
7951	1
7952	1
7953	1
7954	2
7955	1
7956	0
7957	1
7958	1
7959	1
7960	1
7961	2
7962	1
7963	1
7964	2
7965	2
7966	1
7967	2
7968	2
7969	2
7970	1
7971	2
7972	1
7973	2
7974	1
7975	1
7976	1
7977	2
7978	2
7979	1
7980	1
7981	0
7982	2
7983	1
7984	1
7985	1
7986	2
7987	2
7988	1
7989	2
7990	2
7991	2
7992	2
7993	1
7994	2
7995	2
7996	2
7997	2
7998	2
7999	2
8000	1
8001	1
8002	1
8003	0
8004	1
8005	0
8006	2
8007	2
8008	2
8009	2
8010	2
8011	1
8012	1
8013	1
8014	2
8015	0
8016	1
8017	1
8018	2
8019	0
8020	2
8021	2
8022	1
8023	0
8024	2
8025	2
8026	2
8027	2
8028	1
8029	1
8030	2
8031	2
8032	2
8033	1
8034	1
8035	1
8036	1
8037	2
8038	1
8039	2
8040	1
8041	2
8042	1
8043	1
8044	1
8045	1
8046	2
8047	2
8048	1
8049	1
8050	2
8051	0
8052	2
8053	1
8054	1
8055	1
8056	2
8057	2
8058	1
8059	1
8060	1
8061	2
8062	1
8063	1
8064	1
8065	1
8066	2
8067	1
8068	2
8069	2
8070	0
8071	2
8072	1
8073	2
8074	1
8075	2
8076	1
8077	1
8078	2
8079	2
8080	2
8081	2
8082	1
8083	1
8084	2
8085	1
8086	2
8087	2
8088	1
8089	1
8090	2
8091	0
8092	2
8093	2
8094	0
8095	1
8096	2
8097	1
8098	2
8099	1
8100	1
8101	2
8102	1
8103	1
8104	1
8105	2
8106	1
8107	1
8108	2
8109	2
8110	1
8111	2
8112	1
8113	2
8114	1
8115	2
8116	2
8117	2
8118	2
8119	1
8120	2
8121	1
8122	2
8123	0
8124	2
8125	2
8126	2
8127	0
8128	1
8129	1
8130	1
8131	2
8132	2
8133	1
8134	1
8135	2
8136	2
8137	2
8138	1
8139	2
8140	2
8141	1
8142	1
8143	2
8144	1
8145	0
8146	1
8147	2
8148	1
8149	1
8150	1
8151	1
8152	1
8153	0
8154	1
8155	0
8156	2
8157	1
8158	1
8159	1
8160	2
8161	1
8162	1
8163	1
8164	2
8165	2
8166	2
8167	1
8168	1
8169	2
8170	2
8171	1
8172	1
8173	2
8174	2
8175	1
8176	1
8177	1
8178	1
8179	1
8180	2
8181	1
8182	1
8183	0
8184	2
8185	2
8186	1
8187	2
8188	1
8189	2
8190	1
8191	1
8192	2
8193	2
8194	2
8195	1
8196	2
8197	0
8198	1
8199	1
8200	0
8201	1
8202	1
8203	1
8204	1
8205	2
8206	2
8207	2
8208	1
8209	1
8210	2
8211	2
8212	2
8213	2
8214	2
8215	0
8216	2
8217	0
8218	1
8219	1
8220	2
8221	0
8222	2
8223	2
8224	1
8225	2
8226	2
8227	1
8228	2
8229	0
8230	0
8231	1
8232	2
8233	1
8234	2
8235	1
8236	2
8237	2
8238	1
8239	0
8240	1
8241	1
8242	1
8243	1
8244	1
8245	1
8246	1
8247	2
8248	1
8249	1
8250	1
8251	0
8252	2
8253	1
8254	2
8255	1
8256	2
8257	2
8258	1
8259	2
8260	2
8261	2
8262	2
8263	2
8264	0
8265	2
8266	2
8267	1
8268	2
8269	2
8270	2
8271	0
8272	1
8273	1
8274	2
8275	1
8276	1
8277	1
8278	2
8279	2
8280	1
8281	1
8282	1
8283	2
8284	2
8285	1
8286	1
8287	2
8288	1
8289	2
8290	2
8291	1
8292	1
8293	0
8294	0
8295	1
8296	1
8297	2
8298	1
8299	1
8300	2
8301	1
8302	2
8303	2
8304	1
8305	1
8306	1
8307	1
8308	1
8309	1
8310	1
8311	1
8312	2
8313	1
8314	2
8315	1
8316	2
8317	1
8318	0
8319	2
8320	1
8321	1
8322	0
8323	2
8324	1
8325	1
8326	2
8327	1
8328	1
8329	2
8330	1
8331	2
8332	2
8333	2
8334	0
8335	2
8336	1
8337	2
8338	1
8339	2
8340	0
8341	2
8342	2
8343	1
8344	1
8345	2
8346	2
8347	1
8348	1
8349	2
8350	2
8351	2
8352	2
8353	2
8354	2
8355	2
8356	1
8357	2
8358	2
8359	1
8360	1
8361	1
8362	1
8363	2
8364	1
8365	2
8366	2
8367	0
8368	2
8369	1
8370	1
8371	1
8372	0
8373	1
8374	2
8375	2
8376	1
8377	2
8378	2
8379	2
8380	1
8381	1
8382	1
8383	2
8384	1
8385	2
8386	2
8387	2
8388	2
8389	1
8390	1
8391	1
8392	0
8393	1
8394	1
8395	1
8396	2
8397	2
8398	2
8399	1
8400	1
8401	2
8402	2
8403	1
8404	2
8405	2
8406	2
8407	1
8408	1
8409	2
8410	2
8411	0
8412	2
8413	2
8414	1
8415	2
8416	1
8417	1
8418	2
8419	2
8420	2
8421	2
8422	1
8423	1
8424	2
8425	2
8426	2
8427	2
8428	1
8429	2
8430	1
8431	1
8432	2
8433	2
8434	2
8435	2
8436	1
8437	2
8438	1
8439	0
8440	1
8441	2
8442	1
8443	0
8444	2
8445	2
8446	2
8447	2
8448	1
8449	2
8450	1
8451	2
8452	2
8453	0
8454	1
8455	2
8456	2
8457	2
8458	2
8459	2
8460	2
8461	2
8462	2
8463	2
8464	1
8465	2
8466	1
8467	1
8468	2
8469	2
8470	1
8471	1
8472	2
8473	2
8474	1
8475	2
8476	1
8477	2
8478	2
8479	1
8480	2
8481	2
8482	1
8483	1
8484	2
8485	0
8486	2
8487	1
8488	2
8489	1
8490	2
8491	1
8492	0
8493	0
8494	1
8495	2
8496	1
8497	1
8498	2
8499	0
8500	1
8501	0
8502	2
8503	2
8504	1
8505	1
8506	2
8507	1
8508	1
8509	2
8510	2
8511	1
8512	1
8513	1
8514	2
8515	1
8516	2
8517	2
8518	1
8519	2
8520	0
8521	1
8522	0
8523	2
8524	1
8525	1
8526	1
8527	1
8528	1
8529	1
8530	2
8531	2
8532	1
8533	2
8534	0
8535	2
8536	2
8537	1
8538	1
8539	2
8540	2
8541	2
8542	2
8543	2
8544	1
8545	1
8546	1
8547	2
8548	2
8549	2
8550	2
8551	1
8552	0
8553	1
8554	0
8555	2
8556	1
8557	1
8558	2
8559	2
8560	1
8561	1
8562	1
8563	2
8564	1
8565	1
8566	2
8567	1
8568	1
8569	1
8570	1
8571	2
8572	1
8573	2
8574	1
8575	1
8576	2
8577	2
8578	1
8579	2
8580	1
8581	1
8582	2
8583	0
8584	1
8585	1
8586	2
8587	2
8588	1
8589	2
8590	1
8591	0
8592	2
8593	0
8594	1
8595	1
8596	1
8597	2
8598	2
8599	1
8600	2
8601	1
8602	1
8603	2
8604	0
8605	2
8606	1
8607	1
8608	2
8609	1
8610	1
8611	2
8612	1
8613	1
8614	2
8615	1
8616	1
8617	2
8618	2
8619	2
8620	1
8621	2
8622	0
8623	1
8624	1
8625	1
8626	2
8627	2
8628	2
8629	1
8630	2
8631	1
8632	1
8633	2
8634	1
8635	0
8636	1
8637	0
8638	1
8639	1
8640	1
8641	0
8642	1
8643	2
8644	1
8645	1
8646	1
8647	2
8648	1
8649	1
8650	1
8651	2
8652	2
8653	2
8654	1
8655	1
8656	2
8657	1
8658	1
8659	1
8660	2
8661	1
8662	1
8663	2
8664	0
8665	2
8666	2
8667	2
8668	1
8669	2
8670	2
8671	1
8672	1
8673	2
8674	1
8675	1
8676	1
8677	1
8678	2
8679	2
8680	2
8681	2
8682	0
8683	2
8684	1
8685	1
8686	1
8687	1
8688	1
8689	1
8690	1
8691	2
8692	1
8693	2
8694	1
8695	0
8696	2
8697	2
8698	1
8699	1
8700	2
8701	0
8702	2
8703	2
8704	1
8705	1
8706	1
8707	1
8708	2
8709	2
8710	1
8711	0
8712	0
8713	1
8714	1
8715	0
8716	1
8717	1
8718	1
8719	1
8720	2
8721	1
8722	1
8723	1
8724	1
8725	1
8726	0
8727	1
8728	1
8729	1
8730	1
8731	0
8732	2
8733	0
8734	1
8735	2
8736	2
8737	1
8738	2
8739	2
8740	1
8741	2
8742	1
8743	2
8744	1
8745	1
8746	1
8747	0
8748	2
8749	1
8750	2
8751	1
8752	2
8753	1
8754	1
8755	2
8756	2
8757	2
8758	0
8759	1
8760	1
8761	2
8762	1
8763	1
8764	1
8765	2
8766	2
8767	1
8768	1
8769	1
8770	1
8771	2
8772	2
8773	2
8774	2
8775	0
8776	2
8777	1
8778	1
8779	2
8780	1
8781	2
8782	1
8783	2
8784	1
8785	1
8786	1
8787	2
8788	1
8789	1
8790	1
8791	2
8792	1
8793	1
8794	2
8795	1
8796	1
8797	2
8798	2
8799	1
8800	2
8801	2
8802	2
8803	1
8804	2
8805	2
8806	2
8807	1
8808	1
8809	0
8810	1
8811	1
8812	1
8813	2
8814	2
8815	1
8816	2
8817	2
8818	2
8819	1
8820	1
8821	2
8822	2
8823	1
8824	1
8825	1
8826	2
8827	1
8828	1
8829	2
8830	1
8831	1
8832	2
8833	1
8834	0
8835	2
8836	0
8837	2
8838	1
8839	1
8840	0
8841	0
8842	2
8843	2
8844	2
8845	1
8846	1
8847	1
8848	0
8849	1
8850	0
8851	2
8852	1
8853	0
8854	2
8855	2
8856	1
8857	1
8858	1
8859	1
8860	1
8861	2
8862	1
8863	1
8864	1
8865	1
8866	1
8867	1
8868	1
8869	1
8870	1
8871	2
8872	1
8873	1
8874	1
8875	1
8876	1
8877	1
8878	0
8879	2
8880	2
8881	0
8882	2
8883	1
8884	2
8885	2
8886	1
8887	1
8888	1
8889	2
8890	1
8891	1
8892	1
8893	2
8894	2
8895	2
8896	2
8897	1
8898	2
8899	1
8900	1
8901	2
8902	2
8903	2
8904	2
8905	2
8906	2
8907	1
8908	2
8909	2
8910	1
8911	1
8912	1
8913	2
8914	1
8915	2
8916	1
8917	1
8918	1
8919	2
8920	0
8921	1
8922	1
8923	0
8924	2
8925	2
8926	1
8927	2
8928	1
8929	1
8930	0
8931	1
8932	1
8933	1
8934	2
8935	1
8936	2
8937	1
8938	1
8939	2
8940	2
8941	1
8942	1
8943	2
8944	0
8945	2
8946	2
8947	1
8948	1
8949	2
8950	1
8951	2
8952	1
8953	1
8954	1
8955	2
8956	2
8957	2
8958	1
8959	0
8960	2
8961	1
8962	1
8963	1
8964	1
8965	2
8966	1
8967	1
8968	2
8969	1
8970	2
8971	2
8972	0
8973	2
8974	2
8975	1
8976	1
8977	2
8978	1
8979	2
8980	1
8981	2
8982	1
8983	1
8984	2
8985	1
8986	1
8987	2
8988	1
8989	1
8990	2
8991	1
8992	2
8993	2
8994	2
8995	1
8996	1
8997	1
8998	1
8999	1
9000	2
9001	2
9002	1
9003	2
9004	2
9005	2
9006	1
9007	2
9008	1
9009	2
9010	2
9011	1
9012	2
9013	1
9014	2
9015	2
9016	1
9017	2
9018	1
9019	1
9020	1
9021	1
9022	1
9023	1
9024	1
9025	2
9026	0
9027	2
9028	1
9029	1
9030	1
9031	2
9032	1
9033	1
9034	2
9035	2
9036	2
9037	1
9038	1
9039	0
9040	1
9041	2
9042	0
9043	2
9044	2
9045	2
9046	2
9047	0
9048	1
9049	2
9050	1
9051	1
9052	2
9053	1
9054	0
9055	1
9056	1
9057	1
9058	1
9059	2
9060	1
9061	1
9062	2
9063	1
9064	1
9065	2
9066	2
9067	1
9068	2
9069	2
9070	2
9071	2
9072	2
9073	2
9074	1
9075	1
9076	1
9077	1
9078	1
9079	1
9080	1
9081	2
9082	1
9083	1
9084	1
9085	2
9086	2
9087	1
9088	1
9089	1
9090	1
9091	2
9092	0
9093	1
9094	1
9095	1
9096	1
9097	1
9098	1
9099	1
9100	2
9101	1
9102	2
9103	0
9104	2
9105	1
9106	1
9107	2
9108	1
9109	0
9110	2
9111	1
9112	2
9113	2
9114	1
9115	1
9116	0
9117	1
9118	0
9119	1
9120	1
9121	1
9122	2
9123	2
9124	2
9125	2
9126	2
9127	2
9128	2
9129	1
9130	1
9131	1
9132	2
9133	1
9134	2
9135	1
9136	2
9137	1
9138	1
9139	1
9140	0
9141	0
9142	0
9143	2
9144	1
9145	2
9146	1
9147	2
9148	2
9149	1
9150	2
9151	2
9152	1
9153	2
9154	2
9155	1
9156	1
9157	1
9158	1
9159	1
9160	2
9161	1
9162	2
9163	2
9164	2
9165	2
9166	1
9167	2
9168	1
9169	0
9170	2
9171	1
9172	1
9173	1
9174	2
9175	2
9176	1
9177	1
9178	2
9179	1
9180	2
9181	2
9182	2
9183	2
9184	2
9185	2
9186	2
9187	1
9188	2
9189	2
9190	1
9191	2
9192	2
9193	2
9194	1
9195	1
9196	1
9197	2
9198	1
9199	1
9200	2
9201	2
9202	2
9203	2
9204	2
9205	2
9206	2
9207	1
9208	1
9209	0
9210	1
9211	2
9212	0
9213	2
9214	1
9215	1
9216	1
9217	2
9218	2
9219	2
9220	2
9221	0
9222	1
9223	1
9224	2
9225	1
9226	1
9227	1
9228	2
9229	1
9230	1
9231	1
9232	1
9233	1
9234	0
9235	2
9236	1
9237	1
9238	1
9239	2
9240	1
9241	1
9242	2
9243	2
9244	0
9245	2
9246	1
9247	1
9248	2
9249	1
9250	2
9251	2
9252	0
9253	2
9254	1
9255	2
9256	1
9257	2
9258	2
9259	1
9260	2
9261	0
9262	2
9263	2
9264	0
9265	2
9266	0
9267	2
9268	1
9269	1
9270	0
9271	1
9272	2
9273	1
9274	1
9275	0
9276	1
9277	1
9278	2
9279	2
9280	1
9281	2
9282	1
9283	1
9284	1
9285	1
9286	1
9287	1
9288	2
9289	1
9290	0
9291	1
9292	1
9293	1
9294	0
9295	0
9296	2
9297	1
9298	2
9299	2
9300	1
9301	1
9302	2
9303	2
9304	2
9305	2
9306	1
9307	2
9308	2
9309	1
9310	2
9311	1
9312	1
9313	1
9314	2
9315	1
9316	1
9317	1
9318	2
9319	1
9320	1
9321	2
9322	2
9323	1
9324	2
9325	1
9326	2
9327	1
9328	1
9329	2
9330	1
9331	2
9332	2
9333	1
9334	1
9335	1
9336	2
9337	2
9338	1
9339	2
9340	2
9341	0
9342	1
9343	1
9344	1
9345	2
9346	0
9347	2
9348	2
9349	1
9350	2
9351	2
9352	1
9353	1
9354	1
9355	2
9356	1
9357	1
9358	0
9359	1
9360	2
9361	1
9362	1
9363	1
9364	2
9365	2
9366	0
9367	2
9368	1
9369	1
9370	0
9371	2
9372	2
9373	1
9374	1
9375	0
9376	2
9377	1
9378	2
9379	2
9380	1
9381	1
9382	1
9383	0
9384	2
9385	2
9386	1
9387	1
9388	1
9389	2
9390	2
9391	1
9392	1
9393	1
9394	1
9395	2
9396	1
9397	1
9398	2
9399	0
9400	1
9401	2
9402	0
9403	1
9404	2
9405	2
9406	2
9407	2
9408	2
9409	1
9410	1
9411	2
9412	2
9413	1
