9438	9414
9414	2515
9415	5926
9416	1
9416	6146
9416	6147
9416	8197
9416	6983
9416	6151
9416	8
9416	11
9416	12
9416	13
9416	2063
9416	9275
9416	4114
9416	4115
9416	3076
9416	26
9416	8219
9416	2076
9416	8221
9416	6175
9416	9220
9416	35
9416	8229
9416	8230
9416	6833
9416	2095
9416	2096
9416	4025
9416	51
9416	2102
9416	2106
9416	8251
9416	4157
9416	8731
9416	8258
9416	2059
9416	5814
9416	70
9416	8264
9416	73
9416	2122
9416	8552
9416	2127
9416	8272
9416	2130
9416	4179
9416	2132
9416	6231
9416	6232
9416	93
9416	95
9416	98
9416	99
9416	8664
9416	8294
9416	2152
9416	105
9416	2154
9416	2159
9416	6256
9416	6257
9416	2162
9416	4798
9416	4215
9416	8375
9416	8895
9416	8392
9416	2174
9416	4224
9416	4226
9416	2411
9416	2180
9416	4229
9416	4231
9416	138
9416	6285
9416	2255
9416	143
9416	5827
9416	148
9416	6493
9416	150
9416	6295
9416	6298
9416	4122
9416	6303
9416	6193
9416	4259
9416	4261
9416	168
9416	4124
9416	8189
9416	4466
9416	175
9416	8372
9416	6325
9416	6327
9416	184
9416	8377
9416	4282
9416	6332
9416	189
9416	4290
9416	197
9416	4294
9416	6343
9416	4296
9416	4297
9416	8394
9416	203
9416	204
9416	7240
9416	2254
9416	717
9416	8400
9416	2083
9416	8309
9416	214
9416	2269
9416	6368
9416	4322
9416	3451
9416	2277
9416	2278
9416	231
9416	234
9416	2283
9416	4336
9416	2290
9416	6867
9416	8436
9416	6389
9416	2295
9416	8443
9416	4348
9416	8447
9416	2304
9416	257
9416	259
9416	261
9416	264
9416	2313
9416	6871
9416	8701
9416	6420
9416	279
9416	8567
9416	281
9416	2334
9416	2338
9416	6435
9416	8534
9416	4389
9416	6438
9416	4145
9416	732
9416	300
9416	8493
9416	302
9416	304
9416	8499
9416	6453
9416	4406
9416	6458
9416	2364
9416	8510
9416	319
9416	5398
9416	9270
9416	2377
9416	8523
9416	6479
9416	4436
9416	2390
9416	2391
9416	4440
9416	5178
9416	351
9416	7981
9416	8547
9416	4452
9416	357
9416	7569
9416	6504
9416	8554
9416	363
9416	6510
9416	6513
9416	2418
9416	7571
9416	4468
9416	2421
9416	6519
9416	6524
9416	6526
9416	8577
9416	387
9416	2442
9416	407
9416	6541
9416	8591
9416	8593
9416	7235
9416	6672
9416	2455
9416	6553
9416	2458
9416	4508
9416	8606
9416	2465
9416	2466
9416	420
9416	8262
9416	4519
9416	4520
9416	8604
9416	6571
9416	430
9416	432
9416	6577
9416	7584
9416	2484
9416	2486
9416	9221
9416	6589
9416	2494
9416	6592
9416	449
9416	450
9416	451
9416	2500
9416	457
9416	6602
9416	459
9416	4514
9416	9358
9416	2511
9416	2513
9416	8659
9416	2516
9416	4565
9416	4039
9416	2519
9416	2520
9416	2521
9416	6223
9416	6620
9416	2525
9416	4574
9416	8671
9416	6630
9416	2537
9416	4587
9416	492
9416	6638
9416	498
9416	8692
9416	6648
9416	506
9416	4604
9416	2540
9416	510
9416	7253
9416	515
9416	7937
9416	520
9416	2569
9416	522
9416	3159
9416	527
9416	4624
9416	8726
9416	538
9416	4635
9416	4638
9416	2592
9416	6692
9416	4648
9416	2601
9416	6919
9416	4652
9416	4656
9416	7355
9416	564
9416	6921
9416	7263
9416	6716
9416	573
9416	2623
9416	576
9416	8770
9416	4675
9416	4534
9416	8775
9416	4680
9416	6731
9416	4684
9416	6733
9416	8783
9416	593
9416	7267
9416	598
9416	6155
9416	2648
9416	602
9416	4702
9416	613
9416	2662
9416	6760
9416	8810
9416	2668
9416	2669
9416	6766
9416	2673
9416	2674
9416	2675
9416	628
9416	4726
9416	6775
9416	6776
9416	2681
9416	6779
9416	2684
9416	8830
9416	4736
9416	5568
9416	2690
9416	6787
9416	6934
9416	4545
9416	649
9416	2698
9416	2699
9416	4754
9416	659
9416	3568
9416	2714
9416	667
9416	6060
9416	4766
9416	674
9416	6819
9416	2725
9416	6822
9416	4776
9416	2730
9416	8875
9416	6092
9416	4783
9416	4785
9416	9331
9416	8888
9416	698
9416	8297
9416	702
9416	703
9416	8900
9416	2757
9416	711
9416	712
9416	713
9416	4810
9416	716
9416	2765
9416	6074
9416	722
9416	4899
9416	8918
9416	4823
9416	729
9416	731
9416	2780
9416	733
9416	2783
9416	2784
9416	8929
9416	8930
9416	6883
9416	2789
9416	2790
9416	4841
9416	6892
9416	6896
9416	4850
9416	4222
9416	4857
9416	4864
9416	2820
9416	6777
9416	2824
9416	4873
9416	7639
9416	8972
9416	781
9416	783
9416	472
9416	9096
9416	2837
9416	790
9416	4569
9416	796
9416	8619
9416	8990
9416	6846
9416	3547
9416	3206
9416	6951
9416	4905
9416	9006
9416	4912
9416	4913
9416	818
9416	822
9416	4920
9416	2873
9416	4922
9416	6971
9416	2879
9416	833
9416	9026
9416	9014
9416	4935
9416	840
9416	4938
9416	844
9416	847
9416	6996
9416	7310
9416	6999
9416	859
9416	7004
9416	9054
9416	4959
9416	6439
9416	7010
9416	867
9416	870
9416	873
9416	9212
9416	4971
9416	9073
9416	885
9416	2934
9416	4585
9416	8340
9416	6975
9416	2941
9416	894
9416	9087
9416	8683
9416	2948
9416	4997
9416	8001
9416	4940
9416	2953
9416	907
9416	909
9416	2958
9416	2959
9416	5008
9416	9109
9416	2969
9416	5018
9416	7067
9416	5020
9416	4327
9416	2976
9416	929
9416	930
9416	6373
9416	7077
9416	9126
9416	5031
9416	5032
9416	938
9416	939
9416	8435
9416	5037
9416	944
9416	5041
9416	2994
9416	3571
9416	9140
9416	9141
9416	7094
9416	7101
9416	3008
9416	7106
9416	8026
9416	3013
9416	7110
9416	7111
9416	969
9416	8367
9416	3019
9416	7116
9416	3023
9416	5072
9416	5073
9416	5074
9416	5283
9416	5076
9416	981
9416	3031
9416	9176
9416	9177
9416	7767
9416	9039
9416	4602
9416	6375
9416	7139
9416	5092
9416	6307
9416	3047
9416	7144
9416	3055
9416	3058
9416	8217
9416	1015
9416	4671
9416	5631
9416	3068
9416	5117
9416	7167
9416	1025
9416	1028
9416	7173
9416	7177
9416	5130
9416	9047
9416	7945
9416	7181
9416	1038
9416	8365
9416	5136
9416	9234
9416	5141
9416	1046
9416	3095
9416	5636
9416	1050
9416	3247
9416	9295
9416	7197
9416	3102
9416	7685
9416	5152
9416	6650
9416	9250
9416	9252
9416	3112
9416	3113
9416	3115
9416	5165
9416	5168
9416	8712
9416	9266
9416	7220
9416	5174
9416	1079
9416	6719
9416	3130
9416	3131
9416	4618
9416	3135
9416	3138
9416	4619
9416	7375
9416	5190
9416	7239
9416	1096
9416	3145
9416	3146
9416	1099
9416	1102
9416	3151
9416	1106
9416	3157
9416	1111
9416	3160
9416	7257
9416	3162
9416	4623
9416	1119
9416	1121
9416	3171
9416	1125
9416	7279
9416	3187
9416	5310
9416	7017
9416	7744
9416	5163
9416	3196
9416	9341
9416	1153
9416	8641
9416	3204
9416	1158
9416	1159
9416	5996
9416	5258
9416	1166
9416	9362
9416	7317
9416	7318
9416	1176
9416	9370
9416	7326
9416	9375
9416	3233
9416	1187
9416	5836
9416	3239
9416	1195
9416	1199
9416	1200
9416	6344
9416	8051
9416	6345
9416	5304
9416	9402
9416	1211
9416	1214
9416	9408
9416	9366
9416	8395
9416	9078
9416	1222
9416	4300
9416	7370
9416	5323
9416	5326
9416	3279
9416	3280
9416	7377
9416	5330
9416	1235
9416	8398
9416	8740
9416	207
9416	5340
9416	5328
9416	3302
9416	1256
9416	3307
9416	7405
9416	211
9416	7412
9416	5365
9416	7421
9416	3326
9416	1281
9416	7723
9416	1286
9416	1287
9416	1288
9416	1291
9416	5392
9416	3347
9416	1302
9416	1304
9416	9092
9416	7450
9416	7455
9416	1313
9416	3363
9416	3364
9416	1317
9416	5414
9416	7463
9416	3370
9416	221
9416	7472
9416	8072
9416	1330
9416	3379
9416	3383
9416	3384
9416	1339
9416	7488
9416	3394
9416	7498
9416	7500
9416	1359
9416	3409
9416	1362
9416	7508
9416	910
9416	7511
9416	7513
9416	3418
9416	5467
9416	7518
9416	5471
9416	7520
9416	9104
9416	7523
9416	3431
9416	1387
9416	7532
9416	8025
9416	2621
9416	7947
9416	7400
9416	5490
9416	1402
9416	1403
9416	1404
9416	7549
9416	5502
9416	1407
9416	5504
9416	4672
9416	7555
9416	1414
9416	7559
9416	5639
9416	5515
9416	3468
9416	5517
9416	5521
9416	5523
9416	8640
9416	7575
9416	3481
9416	7578
9416	1435
9416	1436
9416	1437
9416	3486
9416	7583
9416	1440
9416	1444
9416	5543
9416	1449
9416	6386
9416	3504
9416	3505
9416	7602
9416	3507
9416	7209
9416	1462
9416	1463
9416	6794
9416	1468
9416	7613
9416	3520
9416	7072
9416	1476
9416	7621
9416	1480
9416	5577
9416	5579
9416	3532
9416	1493
9416	3543
9416	5593
9416	3546
9416	1499
9416	5596
9416	7646
9416	1504
9416	3556
9416	3557
9416	9290
9416	8711
9416	6055
9416	1516
9416	6865
9416	1520
9416	3570
9416	1523
9416	5620
9416	1526
9416	7675
9416	3583
9416	7607
9416	6666
9416	3587
9416	1540
9416	5637
9416	3329
9416	3592
9416	4012
9416	3594
9416	5719
9416	7693
9416	1550
9416	1553
9416	3604
9416	8439
9416	7703
9416	3609
9416	1563
9416	1566
9416	1567
9416	6667
9416	1569
9416	5667
9416	5382
9416	1579
9416	7724
9416	7725
9416	1583
9416	1584
9416	5683
9416	5684
9416	5689
9416	7743
9416	7691
9416	1603
9416	5703
9416	3659
9416	5708
9416	1616
9416	8334
9416	7766
9416	3671
9416	3673
9416	3674
9416	5723
9416	4026
9416	8715
9416	7440
9416	8123
9416	1636
9416	3685
9416	5734
9416	1644
9416	5744
9416	3697
9416	7443
9416	3700
9416	5757
9416	3711
9416	5760
9416	3350
9416	3720
9416	5770
9416	1675
9416	1682
9416	1684
9416	1685
9416	5783
9416	1688
9416	5785
9416	5786
9416	3739
9416	3740
9416	9399
9416	1694
9416	7109
9416	3753
9416	3754
9416	3755
9416	3757
9416	7856
9416	1714
9416	5811
9416	7861
9416	3766
9416	3767
9416	3770
9416	3773
9416	1726
9416	3775
9416	1728
9416	5825
9416	7874
9416	1731
9416	5833
9416	3788
9416	1741
9416	3790
9416	7888
9416	1745
9416	1748
9416	4046
9416	4729
9416	1752
9416	7460
9416	5851
9416	5852
9416	7902
9416	8485
9416	9169
9416	5864
9416	4732
9416	1770
9416	4391
9416	1772
9416	7917
9416	1775
9416	5874
9416	7923
9416	3831
9416	5882
9416	5884
9416	6784
9416	5897
9416	5079
9416	8834
9416	1806
9416	7954
9416	6607
9416	1815
9416	7960
9416	5516
9416	1327
9416	7964
9416	5917
9416	1826
9416	5924
9416	3877
9416	7976
9416	1833
9416	5930
9416	3884
9416	3885
9416	8824
9416	1840
9416	3890
9416	5939
9416	7988
9416	3893
9416	7994
9416	9103
9416	5949
9416	9315
9416	8501
9416	1856
9416	5953
9416	8002
9416	8004
9416	8005
9416	1864
9416	5964
9416	5967
9416	7140
9416	3930
9416	7141
9416	3938
9416	5990
9416	8039
9416	4412
9416	1900
9416	1904
9416	3954
9416	2707
9416	1908
9416	3959
9416	6009
9416	6010
9416	8060
9416	1917
9416	3968
9416	1922
9416	3974
9416	6024
9416	3977
9416	6029
9416	8173
9416	3986
9416	6035
9416	8084
9416	1941
9416	1943
9416	8088
9416	6041
9416	7151
9416	3998
9416	4000
9416	1953
9416	7430
9416	7835
9416	6053
9416	1959
9416	5788
9416	1963
9416	1964
9416	8109
9416	7989
9416	8112
9416	6065
9416	8179
9416	4022
9416	6071
9416	1977
9416	2468
9416	6075
9416	4029
9416	7564
9416	8130
9416	6085
9416	6086
9416	1991
9416	4040
9416	4041
9416	8139
9416	1996
9416	1998
9416	6095
9416	4048
9416	6099
9416	6101
9416	2006
9416	9209
9416	8153
9416	4059
9416	2014
9416	8161
9416	2020
9416	2024
9416	4073
9416	8660
9416	7506
9416	9345
9416	4079
9416	2032
9416	8177
9416	6130
9416	4083
9416	6135
9416	6137
9416	8191
9416	6141
9416	7509
9417	8705
9417	9003
9417	7510
9417	1803
9417	1043
9417	3477
9417	662
9417	6411
9417	4249
9417	1308
9417	6048
9417	5282
9417	6056
9417	7210
9417	6190
9417	2220
9417	1326
9417	9395
9417	7435
9417	5691
9417	5954
9417	5955
9417	7970
9417	2126
9417	1231
9417	7889
9417	3411
9417	4948
9417	6614
9417	5847
9417	5341
9417	1246
9417	7013
9417	6374
9417	4840
9417	5737
9417	8854
9417	7152
9417	4947
9417	1652
9417	889
9417	3966
9417	5759
9418	7914
9419	4013
9420	4914
9420	2686
9421	1071
9422	4239
9423	4284
9424	7624
9424	1546
9424	3029
9424	5671
9425	3332
9425	6991
9426	5594
9426	5479
9427	7846
9427	3648
9427	6018
9427	3972
9427	4758
9427	3463
9427	5896
9427	2186
9427	4108
9427	2062
9427	1740
9427	5265
9427	2706
9427	8998
9427	4756
9427	1430
9427	5273
9427	2841
9427	9199
9427	4895
9427	8480
9427	9122
9427	8355
9427	1700
9427	3622
9427	5105
9427	1960
9427	7149
9427	4525
9427	8584
9427	5299
9427	7489
9427	310
9427	5151
9427	10
9427	6668
9427	2367
9427	2880
9427	4417
9427	6080
9427	2885
9427	5068
9427	1228
9427	586
9427	1995
9427	1356
9427	2893
9427	5701
9427	4815
9427	3536
9427	1618
9427	7251
9427	9172
9427	7615
9427	9302
9427	8281
9427	476
9427	4958
9427	6352
9427	3426
9427	6047
9427	1380
9427	3750
9427	7014
9427	2535
9427	5482
9427	7911
9427	7138
9427	5873
9427	4413
9427	753
9427	7668
9427	1527
9427	9108
9427	3706
9427	5823
9427	8652
9427	1277
9427	8277
9428	4609
9428	1029
9428	1031
9428	3080
9428	524
9428	7426
9428	4781
9428	6161
9428	530
9428	19
9428	8110
9428	5657
9428	5661
9428	688
9428	9251
9428	8540
9428	1582
9428	8752
9428	5170
9428	2099
9428	52
9428	1589
9428	7735
9428	2616
9428	7225
9428	4155
9428	3646
9428	5695
9428	3139
9428	71
9428	6218
9428	1719
9428	1122
9428	8205
9428	9296
9428	5203
9428	5339
9428	2649
9428	2138
9428	7773
9428	1118
9428	5727
9428	2146
9428	3174
9428	7271
9428	5736
9428	7785
9428	5459
9428	8811
9428	5740
9428	3693
9428	4718
9428	4208
9428	8211
9428	631
9428	5752
9428	3193
9428	8317
9428	5758
9428	641
9428	7298
9428	6849
9428	7557
9428	2187
9428	4236
9428	1678
9428	5264
9428	3734
9428	7321
9428	3226
9428	5276
9428	1182
9428	8866
9428	6821
9428	4262
9428	5410
9428	1197
9428	2224
9428	7345
9428	3251
9428	1207
9428	699
9428	7869
9428	4086
9428	7368
9428	5718
9428	2850
9428	8787
9428	5843
9428	4821
9428	8313
9428	1755
9428	5853
9428	8927
9428	6162
9428	3878
9428	7401
9428	2282
9428	2285
9428	751
9428	8433
9428	4851
9428	6391
9428	3322
9428	768
9428	770
9428	2308
9428	4870
9428	4360
9428	9346
9428	2831
9428	2324
9428	6424
9428	3866
9428	7983
9428	286
9428	1311
9428	7969
9428	3874
9428	4827
9428	2854
9428	3880
9428	9005
9428	7742
9428	6961
9428	5428
9428	5940
9428	1340
9428	3389
9428	4414
9428	5722
9428	5450
9428	1869
9428	8527
9428	483
9428	1878
9428	5463
9428	1880
9428	3929
9428	8539
9428	5980
9428	862
9428	5861
9428	9360
9428	4962
9428	8036
9428	3430
9428	1388
9428	6000
9428	3763
9428	8054
9428	1401
9428	6890
9428	4994
9428	5507
9428	7045
9428	9134
9428	5001
9428	8588
9428	8589
9428	5011
9428	4501
9428	6551
9428	3992
9428	921
9428	8603
9428	412
9428	1949
9428	8960
9428	7073
9428	5540
9428	2469
9428	1447
9428	6300
9428	5546
9428	9131
9428	4524
9428	6062
9428	3503
9428	2481
9428	8181
9428	5055
9428	3009
9428	965
9428	3530
9428	8951
9428	9293
9428	3538
9428	979
9428	9273
9428	5078
9428	2008
9428	851
9428	9205
9428	5597
9428	1507
9428	8166
9428	4072
9428	9197
9428	7663
9428	2547
9428	5621
9428	1014
9428	6569
9428	1017
9428	3579
9428	8426
9428	1533
9428	2047
9429	3840
9429	1328
9429	8047
9429	9192
9429	3625
9429	5418
9429	5741
9429	4319
9429	7119
9429	48
9429	6451
9429	4660
9429	5975
9429	7760
9429	2907
9429	4092
9429	7887
9429	2143
9430	4992
9430	2689
9430	5590
9430	2315
9430	6540
9430	7055
9430	4244
9430	8558
9430	8069
9430	5160
9430	303
9430	7986
9430	8894
9430	5440
9430	6212
9430	8010
9430	5963
9430	6354
9430	340
9430	6486
9430	9359
9430	5981
9430	2654
9430	7649
9430	8809
9430	2670
9430	8050
9430	5749
9430	5113
9430	6523
9430	4863
9431	8192
9431	8193
9431	3
9431	8198
9431	8200
9431	8206
9431	8210
9431	20
9431	8215
9431	25
9431	8218
9431	8220
9431	29
9431	8224
9431	8227
9431	38
9431	8241
9431	53
9431	54
9431	8247
9431	8248
9431	58
9431	8252
9431	8260
9431	74
9431	76
9431	80
9431	94
9431	8287
9431	8288
9431	8290
9431	109
9431	8305
9431	115
9431	8308
9431	8310
9431	8311
9431	122
9431	123
9431	8319
9431	128
9431	129
9431	8326
9431	136
9431	142
9431	8335
9431	8342
9431	8343
9431	8350
9431	160
9431	161
9431	162
9431	8357
9431	166
9431	169
9431	173
9431	174
9431	8374
9431	183
9431	186
9431	8379
9431	8389
9431	8397
9431	8399
9431	209
9431	8402
9431	217
9431	8410
9431	220
9431	222
9431	227
9431	8422
9431	8425
9431	236
9431	237
9431	245
9431	248
9431	253
9431	8448
9431	8449
9431	269
9431	270
9431	271
9431	275
9431	277
9431	8470
9431	8471
9431	283
9431	284
9431	292
9431	297
9431	8490
9431	306
9431	307
9431	8504
9431	8506
9431	324
9431	326
9431	327
9431	334
9431	341
9431	348
9431	8250
9431	8544
9431	361
9431	8555
9431	8556
9431	366
9431	8562
9431	8568
9431	379
9431	8574
9431	8575
9431	384
9431	8582
9431	8583
9431	8585
9431	8587
9431	397
9431	8599
9431	416
9431	8609
9431	8614
9431	8617
9431	8625
9431	435
9431	8632
9431	8634
9431	8635
9431	446
9431	8643
9431	460
9431	8655
9431	8658
9431	469
9431	8665
9431	8667
9431	481
9431	8676
9431	487
9431	8680
9431	8682
9431	493
9431	8690
9431	502
9431	503
9431	504
9431	8697
9431	512
9431	521
9431	8714
9431	8718
9431	8721
9431	8722
9431	531
9431	537
9431	541
9431	546
9431	8741
9431	8744
9431	8747
9431	560
9431	8756
9431	566
9431	567
9431	572
9431	575
9431	8771
9431	580
9431	8773
9431	588
9431	590
9431	596
9431	608
9431	610
9431	8804
9431	615
9431	617
9431	8812
9431	8817
9431	627
9431	8822
9431	634
9431	8836
9431	8840
9431	8841
9431	8846
9431	8850
9431	8851
9431	8855
9431	691
9431	8884
9431	8886
9431	696
9431	8896
9431	705
9431	709
9431	8904
9431	8905
9431	8915
9431	8916
9431	727
9431	8921
9431	8923
9431	735
9431	740
9431	8944
9431	754
9431	758
9431	763
9431	8962
9431	772
9431	8965
9431	776
9431	785
9431	8978
9431	789
9431	8983
9431	8992
9431	8994
9431	8997
9431	8999
9431	810
9431	812
9431	9010
9431	9022
9431	834
9431	9030
9431	839
9431	9033
9431	9040
9431	856
9431	9049
9431	9050
9431	9051
9431	9055
9431	9056
9431	9061
9431	9066
9431	9068
9431	882
9431	9076
9431	9086
9431	9093
9431	9098
9431	9100
9431	912
9431	914
9431	924
9431	9117
9431	9119
9431	932
9431	936
9431	937
9431	943
9431	945
9431	9139
9431	948
9431	9144
9431	953
9431	954
9431	8352
9431	9158
9431	9159
9431	9161
9431	8354
9431	974
9431	976
9431	978
9431	980
9431	986
9431	989
9431	9184
9431	994
9431	996
9431	1002
9431	9196
9431	9201
9431	9202
9431	8361
9431	9208
9431	1018
9431	1020
9431	1022
9431	1024
9431	1030
9431	9237
9431	1047
9431	1049
9431	1053
9431	1055
9431	9248
9431	9249
9431	1064
9431	1066
9431	9263
9431	9272
9431	1084
9431	1089
9431	9282
9431	9289
9431	1103
9431	9299
9431	1108
9431	1112
9431	9305
9431	1114
9431	1116
9431	9313
9431	9316
9431	1127
9431	1128
9431	1132
9431	1134
9431	1141
9431	1142
9431	1147
9431	1150
9431	1152
9431	1154
9431	1160
9431	1162
9431	1163
9431	1167
9431	1172
9431	9368
9431	9378
9431	9381
9431	1191
9431	9384
9431	9387
9431	9389
9431	1202
9431	1205
9431	9400
9431	9401
9431	1210
9431	9403
9431	9407
9431	1216
9431	1217
9431	9410
9431	1219
9431	1221
9431	1229
9431	1261
9431	1263
9431	1264
9431	1267
9431	1269
9431	1270
9431	1271
9431	1275
9431	8409
9431	1306
9431	1310
9431	1312
9431	1314
9431	1320
9431	1324
9431	1329
9431	1334
9431	1337
9431	1342
9431	1354
9431	1355
9431	1357
9431	8419
9431	1375
9431	1384
9431	1391
9431	1395
9431	1400
9431	1406
9431	1415
9431	1416
9431	8428
9431	1419
9431	1439
9431	1443
9431	1445
9431	1446
9431	1474
9431	1475
9431	1490
9431	1495
9431	1497
9431	1498
9431	1511
9431	1514
9431	1524
9431	1525
9431	1529
9431	1530
9431	1548
9431	1549
9431	1554
9431	1555
9431	1559
9431	1560
9431	1562
9431	1573
9431	1585
9431	1592
9431	1596
9431	1604
9431	1608
9431	1620
9431	1627
9431	1646
9431	1647
9431	1650
9431	1653
9431	1656
9431	1664
9431	1670
9431	1672
9431	1674
9431	1677
9431	1679
9431	1687
9431	1691
9431	1695
9431	1697
9431	1703
9431	1707
9431	1717
9431	1721
9431	1723
9431	1774
9431	1777
9431	1786
9431	1789
9431	1799
9431	1804
9431	1830
9431	8498
9431	1838
9431	1839
9431	1844
9431	1851
9431	1852
9431	1854
9431	1857
9431	1862
9431	1871
9431	1872
9431	1881
9431	1890
9431	1892
9431	1895
9431	1899
9431	1914
9431	1918
9431	1927
9431	1930
9431	1933
9431	1934
9431	1936
9431	1942
9431	1945
9431	1955
9431	8519
9431	1968
9431	1978
9431	1985
9431	1990
9431	1994
9431	2044
9431	8533
9431	2050
9431	2051
9431	2055
9431	2064
9431	2078
9431	2080
9431	2098
9431	2116
9431	2119
9431	2129
9431	2133
9431	2137
9431	2150
9431	2155
9431	2176
9431	2177
9431	2185
9431	2189
9431	2242
9431	2243
9431	2244
9431	2247
9431	2250
9431	2256
9431	2257
9431	2270
9431	2275
9431	2280
9431	2284
9431	2288
9431	2293
9431	2294
9431	2298
9431	2307
9431	2314
9431	2325
9431	2335
9431	2341
9431	2358
9431	2362
9431	2365
9431	2380
9431	2381
9431	2383
9431	2398
9431	2404
9431	2427
9431	2434
9431	2439
9431	2452
9431	2453
9431	2480
9431	2490
9431	2493
9431	2497
9431	2501
9431	2527
9431	2529
9431	2539
9431	2541
9431	2550
9431	425
9431	2554
9431	2555
9431	2561
9431	2563
9431	2566
9431	2572
9431	2573
9431	2595
9431	2602
9431	2608
9431	2618
9431	2622
9431	2637
9431	2640
9431	440
9431	2655
9431	2656
9431	2657
9431	2659
9431	2664
9431	8638
9431	2708
9431	2711
9431	2724
9431	2727
9431	2732
9431	2748
9431	2749
9431	2755
9431	2760
9431	2774
9431	2776
9431	2777
9431	2791
9431	2797
9431	2798
9431	2806
9431	2812
9431	2814
9431	8661
9431	2816
9431	2818
9431	2836
9431	2838
9431	2846
9431	2848
9431	2852
9431	2866
9431	2868
9431	2870
9431	2884
9431	2889
9431	2891
9431	2903
9431	2905
9431	2918
9431	2919
9431	2920
9431	2936
9431	2940
9431	2950
9431	2955
9431	2962
9431	2966
9431	2967
9431	2968
9431	2979
9431	2993
9431	2996
9431	3010
9431	3011
9431	8694
9431	3028
9431	3039
9431	3040
9431	3041
9431	3048
9431	3054
9431	3062
9431	3066
9431	3074
9431	3075
9431	3114
9431	3124
9431	3133
9431	3142
9431	3143
9431	3156
9431	3158
9431	3163
9431	3181
9431	3182
9431	3190
9431	3192
9431	3201
9431	3210
9431	3211
9431	3222
9431	3224
9431	3232
9431	3245
9431	3255
9431	3260
9431	3266
9431	3270
9431	3277
9431	3282
9431	3284
9431	3286
9431	3293
9431	3294
9431	3295
9431	3313
9431	3314
9431	3315
9431	3323
9431	3337
9431	3349
9431	3357
9431	3359
9431	3360
9431	3365
9431	3367
9431	3372
9431	3376
9431	3390
9431	8758
9431	3402
9431	3403
9431	3406
9431	3413
9431	3421
9431	3425
9431	3429
9431	3439
9431	3440
9431	3446
9431	3465
9431	3467
9431	3469
9431	3474
9431	3491
9431	3495
9431	3498
9431	3512
9431	3513
9431	3525
9431	390
9431	3531
9431	3533
9431	3540
9431	3541
9431	3550
9431	3552
9431	3569
9431	3572
9431	3578
9431	3584
9431	3590
9431	3595
9431	3596
9431	3606
9431	3610
9431	3613
9431	3614
9431	3616
9431	3618
9431	3634
9431	3635
9431	3636
9431	3647
9431	3652
9431	3654
9431	3661
9431	3668
9431	3676
9431	3689
9431	3692
9431	3712
9431	3721
9431	3723
9431	3727
9431	3731
9431	3732
9431	3736
9431	3741
9431	3746
9431	3760
9431	3768
9431	3778
9431	3779
9431	3797
9431	3800
9431	3814
9431	3816
9431	3819
9431	3822
9431	3835
9431	3837
9431	3838
9431	3862
9431	3867
9431	3870
9431	3871
9431	3897
9431	3898
9431	3904
9431	3913
9431	3920
9431	3927
9431	3945
9431	3953
9431	3969
9431	3970
9431	3983
9431	3984
9431	3996
9431	4002
9431	4003
9431	4005
9431	4014
9431	4016
9431	4017
9431	4019
9431	4027
9431	4030
9431	4031
9431	4035
9431	4043
9431	4049
9431	4055
9431	4056
9431	4058
9431	4063
9431	4076
9431	4078
9431	4080
9431	4091
9431	4099
9431	4100
9431	4104
9431	4118
9431	4119
9431	4125
9431	4127
9431	4129
9431	4140
9431	4147
9431	4150
9431	4166
9431	4176
9431	4181
9431	4183
9431	4192
9431	4197
9431	4198
9431	4200
9431	4201
9431	4203
9431	4204
9431	4205
9431	4209
9431	4217
9431	4223
9431	4235
9431	4237
9431	4243
9431	4246
9431	4252
9431	4255
9431	4256
9431	4257
9431	4264
9431	4265
9431	4272
9431	4275
9431	4295
9431	4299
9431	4304
9431	4313
9431	4324
9431	4345
9431	4349
9431	4351
9431	4359
9431	4365
9431	4366
9431	4373
9431	4384
9431	4388
9431	4410
9431	4428
9431	4434
9431	4457
9431	4458
9431	4461
9431	4462
9431	4463
9431	4464
9431	4476
9431	4478
9431	4490
9431	4493
9431	4497
9431	4506
9431	4509
9431	4526
9431	4527
9431	4528
9431	4536
9431	4547
9431	4549
9431	4570
9431	4573
9431	4576
9431	4592
9431	4593
9431	4596
9431	4603
9431	4608
9431	4628
9431	4630
9431	4632
9431	4637
9431	4640
9431	4641
9431	4649
9431	4651
9431	4658
9431	4663
9431	4665
9431	4688
9431	4692
9431	4707
9431	4709
9431	4713
9431	4721
9431	4723
9431	4751
9431	4755
9431	4764
9431	4768
9431	4771
9431	4780
9431	4782
9431	4789
9431	4792
9431	4795
9431	4804
9431	4809
9431	4814
9431	4825
9431	4830
9431	4836
9431	4837
9431	4848
9431	4865
9431	4874
9431	4875
9431	4878
9431	4884
9431	4890
9431	4897
9431	4898
9431	4904
9431	4908
9431	4915
9431	4921
9431	4924
9431	4933
9431	4943
9431	4949
9431	4950
9431	4952
9431	4964
9431	4966
9431	4970
9431	4972
9431	4978
9431	4979
9431	4981
9431	4982
9431	4984
9431	4996
9431	4998
9431	5003
9431	5005
9431	5017
9431	5021
9431	5024
9431	5043
9431	5047
9431	5054
9431	5058
9431	5061
9431	5070
9431	5077
9431	5094
9431	5095
9431	5104
9431	5110
9431	5123
9431	5128
9431	5133
9431	5138
9431	5185
9431	5197
9431	5227
9431	5229
9431	5230
9431	5232
9431	5236
9431	5241
9431	5248
9431	5251
9431	5252
9431	5278
9431	5279
9431	5284
9431	5289
9431	9074
9431	5297
9431	5308
9431	5316
9431	5320
9431	5329
9431	5332
9431	5345
9431	5347
9431	5352
9431	5353
9431	5354
9431	5357
9431	5369
9431	5370
9431	5385
9431	5391
9431	5393
9431	5394
9431	5412
9431	5431
9431	906
9431	5439
9431	5444
9431	5447
9431	5451
9431	5452
9431	5454
9431	5458
9431	5477
9431	5480
9431	5487
9431	5491
9431	5492
9431	5495
9431	5508
9431	5509
9431	5511
9431	5527
9431	5533
9431	5534
9431	5537
9431	5538
9431	5541
9431	5542
9431	5547
9431	5549
9431	5553
9431	5554
9431	5558
9431	5560
9431	5580
9431	5583
9431	5598
9431	5602
9431	5605
9431	5610
9431	5612
9431	5616
9431	5617
9431	5628
9431	5635
9431	5644
9431	5663
9431	5665
9431	9137
9431	5681
9431	5693
9431	5710
9431	5713
9431	5715
9431	5721
9431	5743
9431	5753
9431	5766
9431	5771
9431	5772
9431	5774
9431	5789
9431	5791
9431	5812
9431	5816
9431	5818
9431	5831
9431	5832
9431	5837
9431	9165
9431	9166
9431	5862
9431	5866
9431	5886
9431	5890
9431	5893
9431	5894
9431	5900
9431	5904
9431	5909
9431	5921
9431	5928
9431	5945
9431	5952
9431	5956
9431	5958
9431	5959
9431	5997
9431	6003
9431	6005
9431	6006
9431	6011
9431	6015
9431	6020
9431	6022
9431	6057
9431	6059
9431	6061
9431	6070
9431	6073
9431	6077
9431	6087
9431	6091
9431	6119
9431	6122
9431	6126
9431	6127
9431	6131
9431	6136
9431	6138
9431	6148
9431	6149
9431	6150
9431	6163
9431	6166
9431	6172
9431	6173
9431	6187
9431	6192
9431	6196
9431	6197
9431	6210
9431	6217
9431	6221
9431	6224
9431	6227
9431	6245
9431	6252
9431	6260
9431	6277
9431	6280
9431	6288
9431	6292
9431	6296
9431	6317
9431	9245
9431	6321
9431	6322
9431	6329
9431	6330
9431	6346
9431	6348
9431	6356
9431	6361
9431	6378
9431	6380
9431	6388
9431	6412
9431	6416
9431	6417
9431	6419
9431	6429
9431	6442
9431	6454
9431	6457
9431	6459
9431	6470
9431	6472
9431	6473
9431	6477
9431	6480
9431	6492
9431	6500
9431	6506
9431	6521
9431	6528
9431	6529
9431	6530
9431	6533
9431	6544
9431	6550
9431	6560
9431	6578
9431	6586
9431	6597
9431	6608
9431	6615
9431	6616
9431	6618
9431	6625
9431	6627
9431	6637
9431	6645
9431	6654
9431	6658
9431	6670
9431	6673
9431	6678
9431	6680
9431	6686
9431	6696
9431	6701
9431	6704
9431	6705
9431	6711
9431	6712
9431	6718
9431	6722
9431	6727
9431	6736
9431	6740
9431	6742
9431	6743
9431	6747
9431	6756
9431	6762
9431	9319
9431	6765
9431	6770
9431	6781
9431	6812
9431	6816
9431	6828
9431	6836
9431	6839
9431	6843
9431	6848
9431	6857
9431	6858
9431	6860
9431	6870
9431	6882
9431	9339
9431	6889
9431	6895
9431	6897
9431	6901
9431	6904
9431	6906
9431	6913
9431	6917
9431	6918
9431	6923
9431	6930
9431	6945
9431	6953
9431	6956
9431	6966
9431	6969
9431	6973
9431	6981
9431	6984
9431	6998
9431	7001
9431	7002
9431	7011
9431	7022
9431	7026
9431	7030
9431	7032
9431	7037
9431	7039
9431	7053
9431	7056
9431	7057
9431	7063
9431	7070
9431	7076
9431	7078
9431	7096
9431	7113
9431	2551
9431	7142
9431	7150
9431	7161
9431	7163
9431	7169
9431	7179
9431	7184
9431	7193
9431	7195
9431	7198
9431	7204
9431	7205
9431	7215
9431	7219
9431	7234
9431	7247
9431	7248
9431	7256
9431	7259
9431	7265
9431	7269
9431	7274
9431	7281
9431	7290
9431	7293
9431	7296
9431	7297
9431	7302
9431	7303
9431	7308
9431	7322
9431	9413
9431	7328
9431	7330
9431	7337
9431	7338
9431	7344
9431	7346
9431	7354
9431	7362
9431	7372
9431	7374
9431	7392
9431	7397
9431	7403
9431	7411
9431	7415
9431	7417
9431	7419
9431	7434
9431	7445
9431	7449
9431	7451
9431	7454
9431	7458
9431	7459
9431	7462
9431	7466
9431	7475
9431	7476
9431	7481
9431	7485
9431	7486
9431	7487
9431	7491
9431	7501
9431	7505
9431	7522
9431	7525
9431	7526
9431	7527
9431	7529
9431	7536
9431	7545
9431	7547
9431	7548
9431	7563
9431	7566
9431	7580
9431	7591
9431	7610
9431	7634
9431	7643
9431	7654
9431	7655
9431	7661
9431	7665
9431	7667
9431	7687
9431	7688
9431	7695
9431	7696
9431	7698
9431	7699
9431	7700
9431	7707
9431	7741
9431	7746
9431	7749
9431	7753
9431	7757
9431	7776
9431	7781
9431	7784
9431	7792
9431	7799
9431	7803
9431	7808
9431	7810
9431	7812
9431	7813
9431	7821
9431	7822
9431	7823
9431	7824
9431	7830
9431	7838
9431	7839
9431	7843
9431	7853
9431	7859
9431	7868
9431	7872
9431	7878
9431	7881
9431	7882
9431	7893
9431	7900
9431	7903
9431	7926
9431	7933
9431	7934
9431	7939
9431	7953
9431	7959
9431	7968
9431	7979
9431	7984
9431	7991
9431	7992
9431	7995
9431	7996
9431	7999
9431	8000
9431	8007
9431	8009
9431	8030
9431	8038
9431	8041
9431	8055
9431	8057
9431	8062
9431	8073
9431	8081
9431	8089
9431	8090
9431	8091
9431	8098
9431	8103
9431	8105
9431	8106
9431	8115
9431	8126
9431	8131
9431	8135
9431	8136
9431	8150
9431	8165
9431	8169
9431	8171
9431	8172
9431	8187
9432	5
9432	8201
9432	8208
9432	8222
9432	36
9432	37
9432	8232
9432	8235
9432	45
9432	50
9432	8243
9432	56
9432	8255
9432	8267
9432	8268
9432	8269
9432	8271
9432	82
9432	8276
9432	8286
9432	8298
9432	110
9432	8315
9432	127
9432	8321
9432	135
9432	137
9432	147
9432	149
9432	8348
9432	165
9432	8358
9432	8359
9432	8364
9432	178
9432	179
9432	187
9432	8383
9432	195
9432	8388
9432	8390
9432	201
9432	202
9432	205
9432	8403
9432	218
9432	8411
9432	224
9432	225
9432	8421
9432	8427
9432	240
9432	242
9432	244
9432	8437
9432	8441
9432	250
9432	251
9432	252
9432	8445
9432	255
9432	256
9432	8456
9432	266
9432	267
9432	268
9432	8461
9432	272
9432	273
9432	274
9432	8467
9432	280
9432	295
9432	8488
9432	299
9432	8242
9432	309
9432	314
9432	317
9432	8511
9432	320
9432	321
9432	8515
9432	8516
9432	8517
9432	329
9432	330
9432	8525
9432	8535
9432	344
9432	347
9432	1921
9432	8549
9432	360
9432	8557
9432	367
9432	368
9432	369
9432	374
9432	375
9432	377
9432	381
9432	383
9432	8576
9432	8581
9432	8590
9432	8596
9432	405
9432	8601
9432	8602
9432	411
9432	413
9432	414
9432	427
9432	429
9432	8629
9432	438
9432	442
9432	444
9432	8637
9432	448
9432	8642
9432	8645
9432	8646
9432	456
9432	461
9432	468
9432	470
9432	477
9432	478
9432	480
9432	8678
9432	8679
9432	489
9432	8687
9432	8689
9432	499
9432	8693
9432	8695
9432	508
9432	8702
9432	511
9432	8710
9432	8713
9432	529
9432	8723
9432	8727
9432	536
9432	8729
9432	8733
9432	543
9432	8738
9432	547
9432	549
9432	554
9432	556
9432	557
9432	561
9432	8755
9432	570
9432	8769
9432	578
9432	579
9432	581
9432	582
9432	8776
9432	585
9432	8778
9432	8780
9432	8785
9432	594
9432	595
9432	604
9432	8798
9432	8799
9432	8801
9432	8807
9432	616
9432	8814
9432	623
9432	625
9432	8825
9432	8831
9432	643
9432	8837
9432	8838
9432	650
9432	653
9432	663
9432	8858
9432	669
9432	670
9432	678
9432	8871
9432	685
9432	8878
9432	8880
9432	700
9432	8893
9432	704
9432	8899
9432	8901
9432	710
9432	714
9432	8907
9432	8909
9432	8913
9432	724
9432	8926
9432	8935
9432	8937
9432	746
9432	8940
9432	755
9432	8953
9432	8961
9432	8964
9432	8966
9432	782
9432	8976
9432	8979
9432	8984
9432	8985
9432	8988
9432	798
9432	8993
9432	802
9432	8996
9432	806
9432	9000
9432	9001
9432	9002
9432	8327
9432	819
9432	9012
9432	821
9432	8329
9432	830
9432	9032
9432	9036
9432	9037
9432	9038
9432	853
9432	9052
9432	869
9432	9064
9432	9065
9432	874
9432	879
9432	883
9432	887
9432	9081
9432	892
9432	896
9432	897
9432	9090
9432	9097
9432	916
9432	919
9432	920
9432	922
9432	9116
9432	9125
9432	9128
9432	9133
9432	946
9432	951
9432	9148
9432	9150
9432	9153
9432	9154
9432	964
9432	9157
9432	9162
9432	971
9432	977
9432	9173
9432	984
9432	9179
9432	9180
9432	9182
9432	995
9432	9193
9432	9194
9432	1003
9432	1004
9432	1012
9432	9210
9432	9211
9432	1021
9432	1023
9432	9216
9432	9227
9432	1039
9432	1041
9432	1042
9432	9235
9432	9240
9432	1056
9432	1057
9432	1065
9432	9260
9432	9264
9432	1074
9432	8371
9432	9268
9432	9269
9432	1082
9432	9276
9432	1086
9432	9283
9432	1093
9432	1095
9432	9294
9432	1107
9432	1110
9432	1115
9432	9308
9432	1117
9432	1120
9432	9314
9432	9317
9432	1129
9432	9325
9432	1137
9432	9335
9432	1145
9432	1149
9432	9342
9432	9344
9432	1155
9432	9352
9432	1161
9432	9355
9432	1168
9432	9364
9432	1178
9432	9373
9432	9374
9432	1183
9432	1185
9432	1188
9432	9385
9432	9386
9432	1198
9432	9397
9432	9398
9432	1220
9432	1224
9432	1227
9432	1230
9432	1234
9432	1242
9432	1250
9432	1253
9432	1258
9432	1260
9432	1265
9432	1282
9432	1290
9432	1298
9432	1300
9432	1315
9432	1316
9432	1319
9432	1321
9432	1341
9432	1344
9432	1347
9432	1351
9432	1353
9432	1361
9432	1365
9432	1396
9432	1398
9432	1410
9432	1412
9432	1413
9432	1417
9432	1421
9432	1426
9432	1438
9432	1455
9432	1459
9432	1460
9432	1467
9432	1469
9432	1478
9432	1481
9432	1486
9432	1487
9432	1496
9432	1500
9432	1512
9432	1521
9432	1531
9432	1541
9432	1551
9432	1557
9432	1558
9432	1568
9432	1574
9432	1575
9432	1576
9432	1580
9432	1590
9432	1594
9432	1595
9432	1609
9432	1610
9432	1612
9432	1619
9432	1624
9432	1638
9432	1648
9432	1657
9432	1660
9432	1665
9432	1669
9432	1681
9432	9231
9432	1693
9432	1698
9432	1699
9432	1733
9432	1738
9432	1743
9432	1744
9432	1766
9432	1793
9432	1805
9432	1809
9432	1814
9432	1818
9432	1823
9432	1829
9432	1832
9432	1835
9432	1837
9432	1842
9432	1846
9432	1855
9432	1863
9432	1877
9432	1882
9432	1885
9432	1893
9432	1894
9432	1901
9432	1907
9432	1911
9432	1912
9432	1913
9432	8512
9432	8513
9432	1929
9432	1946
9432	1947
9432	1957
9432	1962
9432	1966
9432	1972
9432	1973
9432	8521
9432	1979
9432	1981
9432	1982
9432	333
9432	2000
9432	2005
9432	2017
9432	2021
9432	2036
9432	2040
9432	2041
9432	2045
9432	2046
9432	2057
9432	2066
9432	2067
9432	2081
9432	2084
9432	2086
9432	2087
9432	2101
9432	2103
9432	2109
9432	2111
9432	2114
9432	2117
9432	2121
9432	2124
9432	2125
9432	2142
9432	2144
9432	2156
9432	2160
9432	2172
9432	2173
9432	2179
9432	2200
9432	2201
9432	2206
9432	2207
9432	2210
9432	8561
9432	2222
9432	2223
9432	2226
9432	2227
9432	2229
9432	2230
9432	2249
9432	2252
9432	2262
9432	2263
9432	2266
9432	2296
9432	2297
9432	2299
9432	2312
9432	2316
9432	2320
9432	2323
9432	2329
9432	2331
9432	2354
9432	2359
9432	2371
9432	2372
9432	2375
9432	2386
9432	2388
9432	2403
9432	2422
9432	2425
9432	8597
9432	2435
9432	2438
9432	2445
9432	2447
9432	2448
9432	2451
9432	2454
9432	2461
9432	2463
9432	2464
9432	2467
9432	2470
9432	2479
9432	2483
9432	2491
9432	2512
9432	2524
9432	2531
9432	2532
9432	2558
9432	2575
9432	2579
9432	2581
9432	2583
9432	2585
9432	2586
9432	2587
9432	2591
9432	2593
9432	2594
9432	2597
9432	2607
9432	2610
9432	2612
9432	2613
9432	2614
9432	2628
9432	2642
9432	2644
9432	2652
9432	2653
9432	2679
9432	2692
9432	2693
9432	2694
9432	2695
9432	2696
9432	2701
9432	2716
9432	2726
9432	2728
9432	2729
9432	2731
9432	2733
9432	2741
9432	2750
9432	2754
9432	2763
9432	2764
9432	2768
9432	2785
9432	2793
9432	2799
9432	2807
9432	2810
9432	2813
9432	2819
9432	2826
9432	2833
9432	2835
9432	2840
9432	2853
9432	2855
9432	2862
9432	2864
9432	2865
9432	8670
9432	2875
9432	2883
9432	2888
9432	2895
9432	2900
9432	2922
9432	2923
9432	2926
9432	2939
9432	2946
9432	2949
9432	2957
9432	2975
9432	2985
9432	2987
9432	2989
9432	2990
9432	2998
9432	3000
9432	3021
9432	3024
9432	3036
9432	3042
9432	3050
9432	3053
9432	3065
9432	3081
9432	3086
9432	3090
9432	3096
9432	3103
9432	3117
9432	3118
9432	3122
9432	3136
9432	3147
9432	3152
9432	3153
9432	3164
9432	3176
9432	3184
9432	3185
9432	3199
9432	8728
9432	3220
9432	3228
9432	3229
9432	3231
9432	3235
9432	3252
9432	3263
9432	3267
9432	3272
9432	3275
9432	3283
9432	3285
9432	3289
9432	3290
9432	3291
9432	3297
9432	3299
9432	3301
9432	3318
9432	3327
9432	3334
9432	3335
9432	3339
9432	3340
9432	3342
9432	3344
9432	3345
9432	3348
9432	3351
9432	3356
9432	3368
9432	3373
9432	3380
9432	3382
9432	3386
9432	3396
9432	3397
9432	3404
9432	3415
9432	3420
9432	3422
9432	3428
9432	3433
9432	3445
9432	3447
9432	3449
9432	3456
9432	3470
9432	3480
9432	3485
9432	3489
9432	3490
9432	3499
9432	3502
9432	3506
9432	3511
9432	3514
9432	3521
9432	3527
9432	3529
9432	3545
9432	3548
9432	3558
9432	3559
9432	3564
9432	3565
9432	3575
9432	3577
9432	3598
9432	3600
9432	3608
9432	3612
9432	3615
9432	3621
9432	8796
9432	3626
9432	3627
9432	3630
9432	3632
9432	606
9432	3643
9432	3651
9432	3658
9432	3666
9432	3672
9432	3683
9432	3684
9432	3688
9432	3702
9432	3709
9432	3715
9432	3716
9432	3718
9432	3733
9432	3735
9432	3737
9432	8815
9432	3742
9432	3744
9432	3747
9432	3749
9432	3772
9432	3777
9432	3781
9432	3783
9432	3802
9432	1999
9432	3812
9432	3825
9432	3828
9432	3851
9432	3854
9432	3863
9432	3864
9432	3868
9432	3872
9432	3876
9432	3886
9432	3891
9432	3892
9432	3894
9432	3895
9432	3900
9432	3908
9432	3919
9432	3933
9432	3944
9432	3951
9432	3965
9432	3973
9432	3993
9432	4006
9432	4007
9432	4032
9432	4034
9432	4036
9432	4052
9432	4057
9432	4060
9432	4061
9432	4064
9432	4065
9432	4077
9432	4084
9432	4094
9432	4095
9432	9138
9432	4101
9432	4111
9432	4112
9432	4121
9432	4137
9432	4144
9432	4148
9432	4159
9432	4169
9432	4173
9432	4182
9432	4190
9432	4193
9432	4206
9432	4227
9432	4230
9432	4232
9432	4233
9432	4238
9432	4245
9432	4251
9432	4254
9432	4260
9432	4263
9432	4276
9432	4289
9432	4303
9432	4305
9432	4307
9432	4317
9432	4320
9432	4333
9432	4335
9432	4342
9432	4343
9432	4344
9432	4346
9432	4353
9432	4361
9432	4364
9432	4367
9432	4374
9432	4385
9432	4386
9432	4390
9432	4396
9432	4399
9432	4404
9432	4420
9432	4421
9432	4423
9432	4435
9432	4443
9432	4444
9432	4453
9432	4455
9432	4456
9432	4460
9432	4467
9432	4471
9432	4475
9432	4479
9432	4484
9432	4487
9432	4495
9432	4510
9432	4513
9432	4521
9432	4523
9432	4538
9432	4542
9432	4543
9432	4546
9432	4551
9432	4555
9432	4556
9432	4557
9432	4559
9432	4562
9432	4563
9432	4571
9432	4579
9432	4580
9432	4582
9432	4594
9432	4595
9432	4617
9432	4620
9432	4627
9432	4650
9432	4654
9432	4655
9432	4668
9432	4673
9432	4676
9432	4691
9432	4696
9432	4700
9432	4704
9432	4725
9432	4730
9432	4731
9432	4733
9432	4740
9432	4749
9432	4750
9432	4759
9432	4767
9432	4772
9432	4774
9432	4778
9432	4779
9432	4796
9432	4797
9432	4803
9432	4805
9432	4816
9432	4832
9432	4838
9432	4842
9432	4843
9432	4845
9432	4849
9432	4858
9432	4859
9432	4860
9432	811
9432	4893
9432	4896
9432	4900
9432	4903
9432	4907
9432	4910
9432	4916
9432	4925
9432	4927
9432	4941
9432	4944
9432	4955
9432	4957
9432	4961
9432	4965
9432	4967
9432	4975
9432	4983
9432	4989
9432	5013
9432	5014
9432	5026
9432	5028
9432	5036
9432	5039
9432	5045
9432	5049
9432	5053
9432	5060
9432	5064
9432	5065
9432	5080
9432	5086
9432	5090
9432	5097
9432	5109
9432	5111
9432	5116
9432	5121
9432	5124
9432	5132
9432	5143
9432	5153
9432	5161
9432	5167
9432	5171
9432	5180
9432	5205
9432	5215
9432	5217
9432	5219
9432	5221
9432	5225
9432	5226
9432	5240
9432	5243
9432	5250
9432	5260
9432	5271
9432	5272
9432	5291
9432	5295
9432	5307
9432	5313
9432	5342
9432	5348
9432	5349
9432	5355
9432	5361
9432	5375
9432	5378
9432	5381
9432	5395
9432	5399
9432	5404
9432	5427
9432	5435
9432	5438
9432	5460
9432	5461
9432	5462
9432	5464
9432	5465
9432	5476
9432	5489
9432	5497
9432	5499
9432	5501
9432	5503
9432	5512
9432	5513
9432	5518
9432	5531
9432	5550
9432	5555
9432	5561
9432	5563
9432	5567
9432	5571
9432	5574
9432	5588
9432	5589
9432	5600
9432	5604
9432	5606
9432	5608
9432	5615
9432	5625
9432	5629
9432	5643
9432	5650
9432	5655
9432	5664
9432	5673
9432	5677
9432	5686
9432	5688
9432	5698
9432	5700
9432	5729
9432	5739
9432	5742
9432	5764
9432	5765
9432	5775
9432	5776
9432	5777
9432	5793
9432	5798
9432	5806
9432	5807
9432	5809
9432	5817
9432	5835
9432	5838
9432	5842
9432	5856
9432	5857
9432	5859
9432	5860
9432	5879
9432	5883
9432	5887
9432	5899
9432	5903
9432	5910
9432	5938
9432	5946
9432	5950
9432	5960
9432	5962
9432	5972
9432	5979
9432	5993
9432	5998
9432	9195
9432	6021
9432	6030
9432	6038
9432	6042
9432	6052
9432	6063
9432	6067
9432	6068
9432	6088
9432	6089
9432	6096
9432	6108
9432	6111
9432	6112
9432	6113
9432	6132
9432	6139
9432	6143
9432	6144
9432	6157
9432	6158
9432	6165
9432	6167
9432	6168
9432	6171
9432	6177
9432	6179
9432	6180
9432	6181
9432	6185
9432	6195
9432	6205
9432	6209
9432	6216
9432	6222
9432	6230
9432	6233
9432	6235
9432	6241
9432	6255
9432	6264
9432	6265
9432	6286
9432	6291
9432	6299
9432	6302
9432	6304
9432	6308
9432	6311
9432	6313
9432	6318
9432	6323
9432	6328
9432	6337
9432	6342
9432	6349
9432	6350
9432	6358
9432	6360
9432	6371
9432	6382
9432	6383
9432	6387
9432	2431
9432	6397
9432	6400
9432	6405
9432	9215
9432	6418
9432	6428
9432	6432
9432	6436
9432	6437
9432	6452
9432	6455
9432	6456
9432	6463
9432	6464
9432	6482
9432	6494
9432	6497
9432	6498
9432	6508
9432	6512
9432	6525
9432	6555
9432	6564
9432	6565
9432	6570
9432	6575
9432	6576
9432	6580
9432	6582
9432	6587
9432	6590
9432	6603
9432	6619
9432	6621
9432	6624
9432	6626
9432	6632
9432	6633
9432	6634
9432	6636
9432	6639
9432	6643
9432	6649
9432	6652
9432	6663
9432	6677
9432	6684
9432	6687
9432	6699
9432	6717
9432	6721
9432	6724
9432	6735
9432	6737
9432	6739
9432	6745
9432	6750
9432	6761
9432	6763
9432	6764
9432	6785
9432	6793
9432	6801
9432	6807
9432	6817
9432	6824
9432	6829
9432	6838
9432	6847
9432	6854
9432	6864
9432	6869
9432	6874
9432	6877
9432	6888
9432	6908
9432	6912
9432	6925
9432	6933
9432	6936
9432	6944
9432	6949
9432	6952
9432	6954
9432	6960
9432	6976
9432	6977
9432	7015
9432	7016
9432	7021
9432	7027
9432	7029
9432	7034
9432	7047
9432	7050
9432	7059
9432	7066
9432	7071
9432	7087
9432	7098
9432	7104
9432	7108
9432	7117
9432	7121
9432	7122
9432	7125
9432	7131
9432	7134
9432	7147
9432	7154
9432	7155
9432	7162
9432	7171
9432	7174
9432	7178
9432	7183
9432	7188
9432	9390
9432	7200
9432	7206
9432	7211
9432	7212
9432	7223
9432	7224
9432	7238
9432	7243
9432	7261
9432	7264
9432	7282
9432	7283
9432	7285
9432	7286
9432	7300
9432	7301
9432	7305
9432	7329
9432	7348
9432	7352
9432	7353
9432	7356
9432	7357
9432	7365
9432	7373
9432	7382
9432	7386
9432	7389
9432	7391
9432	7393
9432	7402
9432	7409
9432	7410
9432	7418
9432	7436
9432	7437
9432	7439
9432	7448
9432	7453
9432	7461
9432	7469
9432	7480
9432	7482
9432	7493
9432	7495
9432	7502
9432	7504
9432	7517
9432	7524
9432	7530
9432	7531
9432	7533
9432	7542
9432	7546
9432	7573
9432	7576
9432	7595
9432	7596
9432	7598
9432	7604
9432	7606
9432	7611
9432	7612
9432	7620
9432	7625
9432	7626
9432	7632
9432	7633
9432	7642
9432	7650
9432	7651
9432	7652
9432	7660
9432	7674
9432	7678
9432	7679
9432	7697
9432	7704
9432	7706
9432	7709
9432	7726
9432	7737
9432	7747
9432	7750
9432	7768
9432	7772
9432	7775
9432	7778
9432	7783
9432	7788
9432	7818
9432	7825
9432	7826
9432	7829
9432	7831
9432	7854
9432	7860
9432	7867
9432	7871
9432	7877
9432	7885
9432	7910
9432	7924
9432	7936
9432	7940
9432	7949
9432	7950
9432	7955
9432	7958
9432	7962
9432	7963
9432	7977
9432	7985
9432	7990
9432	8006
9432	8020
9432	8033
9432	8040
9432	8043
9432	8049
9432	8053
9432	8074
9432	8082
9432	8086
9432	8087
9432	8094
9432	8095
9432	8104
9432	8119
9432	8120
9432	8121
9432	8129
9432	8134
9432	8140
9432	8141
9432	8146
9432	8147
9432	8158
9432	8159
9432	8162
9432	8170
9432	8175
9432	8178
9432	8184
9433	2048
9433	4096
9433	8195
9433	4
9433	7
9433	9
9433	8202
9433	2061
9433	2065
9433	2070
9433	8216
9433	2074
9433	2075
9433	4126
9433	31
9433	6176
9433	2082
9433	8228
9433	6182
9433	41
9433	4103
9433	2092
9433	4141
9433	2094
9433	4143
9433	9224
9433	4149
9433	4151
9433	2108
9433	2112
9433	2113
9433	2115
9433	68
9433	69
9433	8322
9433	72
9433	8265
9433	7572
9433	4172
9433	2402
9433	8270
9433	4175
9433	6225
9433	84
9433	87
9433	4184
9433	4189
9433	4191
9433	8291
9433	4196
9433	6502
9433	6246
9433	8295
9433	2153
9433	4202
9433	5800
9433	8300
9433	8303
9433	112
9433	4211
9433	4212
9433	6261
9433	6262
9433	2168
9433	6268
9433	6269
9433	130
9433	133
9433	134
9433	4234
9433	6283
9433	8332
9433	4240
9433	8337
9433	8338
9433	2195
9433	5486
9433	151
9433	4248
9433	154
9433	2204
9433	158
9433	163
9433	2213
9433	2214
9433	2215
9433	2216
9433	4266
9433	4268
9433	180
9433	2233
9433	8378
9433	2235
9433	8381
9433	6335
9433	4288
9433	194
9433	198
9433	8391
9433	8393
9433	4298
9433	2260
9433	213
9433	215
9433	2265
9433	4315
9433	8414
9433	8415
9433	6370
9433	228
9433	4775
9433	232
9433	233
9433	235
9433	238
9433	8432
9433	241
9433	4339
9433	2292
9433	247
9433	4347
9433	2303
9433	8450
9433	8451
9433	8460
9433	2317
9433	2318
9433	276
9433	278
9433	4376
9433	2332
9433	4381
9433	8478
9433	4383
9433	6433
9433	6434
9433	291
9433	8486
9433	5169
9433	296
9433	2345
9433	8492
9433	2350
9433	7716
9433	4402
9433	6557
9433	6460
9433	2369
9433	7103
9433	4492
9433	2378
9433	4427
9433	4834
9433	335
9433	338
9433	6483
9433	8532
9433	6542
9433	343
9433	6488
9433	345
9433	6490
9433	9286
9433	350
9433	4447
9433	2400
9433	4449
9433	354
9433	358
9433	8553
9433	6507
9433	6509
9433	2416
9433	4465
9433	370
9433	2423
9433	8605
9433	4473
9433	4474
9433	2430
9433	4482
9433	389
9433	8257
9433	392
9433	7916
9433	394
9433	3479
9433	2444
9433	398
9433	402
9433	6211
9433	6548
9433	406
9433	4504
9433	410
9433	6554
9433	2462
9433	8607
9433	4512
9433	6563
9433	4517
9433	422
9433	2474
9433	2476
9433	6573
9433	6574
9433	431
9433	8624
9433	8626
9433	2485
9433	8631
9433	2489
9433	8118
9433	4540
9433	4548
9433	2502
9433	2505
9433	4560
9433	6609
9433	9114
9433	467
9433	4566
9433	3833
9433	6617
9433	2523
9433	2526
9433	4575
9433	2530
9433	7722
9433	4581
9433	486
9433	6631
9433	2538
9433	4588
9433	4590
9433	495
9433	7592
9433	6642
9433	500
9433	2549
9433	4180
9433	8698
9433	6911
9433	5336
9433	4605
9433	2559
9433	2560
9433	6657
9433	4610
9433	6659
9433	8708
9433	4613
9433	519
9433	6664
9433	5548
9433	8720
9433	4629
9433	2582
9433	6916
9433	4636
9433	8736
9433	6689
9433	8746
9433	2604
9433	562
9433	6707
9433	4661
9433	8759
9433	8760
9433	569
9433	6714
9433	571
9433	4670
9433	577
9433	8569
9433	5388
9433	4685
9433	2638
9433	2639
9433	2641
9433	2647
9433	8792
9433	3172
9433	8795
9433	4701
9433	6753
9433	4706
9433	9318
9433	614
9433	2663
9433	6588
9433	2667
9433	4719
9433	2672
9433	626
9433	6771
9433	2676
9433	4727
9433	4728
9433	6778
9433	635
9433	6780
9433	7957
9433	8832
9433	4737
9433	8299
9433	8982
9433	2697
9433	8842
9433	652
9433	8546
9433	654
9433	2704
9433	8849
9433	8852
9433	2709
9433	2712
9433	4761
9433	8859
9433	794
9433	2718
9433	9365
9433	8304
9433	4550
9433	679
9433	680
9433	4387
9433	684
9433	687
9433	8820
9433	8882
9433	6835
9433	4791
9433	2745
9433	4794
9433	7967
9433	4801
9433	8898
9433	8957
9433	2759
9433	4808
9433	4811
9433	720
9433	721
9433	6868
9433	9393
9433	6875
9433	6879
9433	8928
9433	4833
9433	738
9433	6885
9433	8890
9433	747
9433	6893
9433	4847
9433	2801
9433	6898
9433	7294
9433	6907
9433	4861
9433	4862
9433	767
9433	4866
9433	4868
9433	8662
9433	775
9433	8968
9433	2178
9433	6926
9433	4879
9433	6929
9433	786
9433	8618
9433	4886
9433	6935
9433	2842
9433	2845
9433	6943
9433	800
9433	2849
9433	2851
9433	6950
9433	5937
9433	8483
9433	813
9433	4937
9433	6962
9433	6622
9433	4919
9433	827
9433	2876
9433	2878
9433	836
9433	2886
9433	841
9433	842
9433	846
9433	9357
9433	2896
9433	8675
9433	2904
9433	8336
9433	2914
9433	9060
9433	6972
9433	876
9433	877
9433	878
9433	7023
9433	4976
9433	881
9433	9075
9433	884
9433	6974
9433	9079
9433	7033
9433	4986
9433	9084
9433	7658
9433	2942
9433	5269
9433	2944
9433	4995
9433	900
9433	5270
9433	904
9433	8418
9433	2954
9433	4247
9433	5015
9433	4932
9433	8214
9433	9120
9433	5025
9433	7074
9433	933
9433	934
9433	7080
9433	7081
9433	2986
9433	5035
9433	5038
9433	7092
9433	7093
9433	2999
9433	3001
9433	3002
9433	9149
9433	3006
9433	959
9433	6033
9433	961
9433	7670
9433	3017
9433	3020
9433	3234
9433	975
9433	8014
9433	982
9433	7129
9433	5083
9433	988
9433	7133
9433	993
9433	8699
9433	997
9433	3049
9433	7148
9433	1005
9433	1009
9433	5106
9433	1011
9433	3060
9433	9206
9433	3063
9433	1016
9433	8149
9433	3067
9433	3069
9433	3070
9433	8021
9433	6656
9433	7176
9433	1034
9433	5131
9433	3088
9433	8024
9433	7186
9433	7187
9433	3097
9433	3099
9433	3101
9433	3105
9433	7202
9433	8163
9433	5157
9433	5159
9433	2567
9433	3121
9433	3125
9433	3129
9433	3134
9433	1088
9433	1090
9433	7237
9433	1094
9433	5191
9433	5194
9433	1100
9433	3149
9433	1104
9433	3154
9433	7470
9433	7694
9433	5207
9433	5210
9433	5212
9433	9309
9433	1124
9433	1126
9433	3175
9433	9322
9433	5991
9433	3191
9433	1144
9433	3194
9433	3197
9433	5246
9433	7701
9433	3200
9433	6336
9433	5995
9433	5253
9433	5256
9433	7020
9433	7306
9433	9356
9433	7309
9433	4973
9433	3218
9433	9363
9433	3221
9433	1174
9433	7320
9433	9369
9433	5274
9433	3227
9433	8018
9433	8700
9433	1186
9433	7331
9433	5285
9433	1190
9433	5287
9433	5288
9433	6800
9433	3242
9433	7339
9433	3244
9433	7342
9433	5296
9433	1201
9433	1204
9433	7349
9433	5302
9433	1208
9433	3259
9433	9406
9433	5311
9433	5312
9433	8633
9433	3271
9433	1226
9433	7815
9433	7378
9433	7379
9433	1237
9433	1240
9433	1241
9433	3292
9433	8975
9433	1251
9433	1255
9433	3308
9433	3309
9433	7407
9433	3312
9433	5366
9433	5371
9433	5674
9433	5333
9433	3330
9433	3331
9433	8748
9433	3338
9433	4311
9433	1292
9433	7438
9433	1295
9433	3288
9433	5401
9433	5402
9433	3355
9433	5405
9433	5407
9433	3362
9433	7465
9433	1323
9433	1325
9433	5422
9433	5423
9433	7473
9433	5430
9433	5432
9433	7732
9433	7484
9433	5002
9433	3391
9433	1346
9433	1348
9433	1349
9433	5705
9433	6992
9433	3405
9433	1360
9433	1364
9433	1366
9433	8761
9433	7512
9433	2276
9433	7515
9433	1373
9433	1378
9433	2619
9433	3985
9433	3437
9433	3438
9433	8707
9433	7537
9433	7538
9433	7544
9433	3453
9433	7550
9433	6379
9433	2625
9433	3466
9433	1424
9433	1425
9433	5524
9433	1431
9433	7577
9433	3483
9433	7581
9433	5535
9433	3488
9433	5360
9433	4337
9433	1448
9433	1450
9433	1452
9433	3501
9433	6045
9433	7601
9433	1461
9433	5559
9433	7609
9433	1466
9433	5564
9433	1471
9433	5569
9433	7618
9433	8182
9433	7622
9433	1479
9433	1484
9433	5581
9433	7631
9433	7635
9433	1492
9433	7105
9433	5592
9433	7641
9433	591
9433	8102
9433	7657
9433	6938
9433	1517
9433	5619
9433	3574
9433	7671
9433	3576
9433	801
9433	3585
9433	3588
9433	3589
9433	4695
9433	5646
9433	4075
9433	1552
9433	3602
9433	5651
9433	7086
9433	4697
9433	1564
9433	3620
9433	1578
9433	5675
9433	3631
9433	7728
9433	1586
9433	1588
9433	3637
9433	3640
9433	7738
9433	3649
9433	3650
9433	3653
9433	5702
9433	7751
9433	3657
9433	1611
9433	3663
9433	7765
9433	9145
9433	4607
9433	3675
9433	3680
9433	1634
9433	1635
9433	7441
9433	1641
9433	3691
9433	8125
9433	1649
9433	958
9433	1654
9433	1655
9433	7801
9433	7288
9433	5755
9433	1663
9433	3714
9433	7787
9433	5767
9433	7898
9433	5773
9433	1680
9433	3729
9433	1683
9433	6767
9433	7217
9433	7793
9433	1704
9433	1708
9433	3758
9433	1711
9433	1712
9433	1716
9433	7862
9433	3769
9433	7866
9433	6431
9433	5822
9433	1727
9433	7875
9433	972
9433	1739
9433	3794
9433	1747
9433	3801
9433	1754
9433	1757
9433	1759
9433	7905
9433	7907
9433	9265
9433	3815
9433	3820
9433	7920
9433	1782
9433	3832
9433	1785
9433	3839
9433	3842
9433	5892
9433	3845
9433	1801
9433	3850
9433	5902
9433	1808
9433	6446
9433	7961
9433	1819
9433	7965
9433	5107
9433	5925
9433	7974
9433	7975
9433	5931
9433	3889
9433	7987
9433	5941
9433	4745
9433	1849
9433	7381
9433	3903
9433	1858
9433	8003
9433	1861
9433	9185
9433	6796
9433	4066
9433	3918
9433	8016
9433	1873
9433	5970
9433	8019
9433	3924
9433	2702
9433	5976
9433	5977
9433	1883
9433	9189
9433	3937
9433	3941
9433	3943
9433	3947
9433	1903
9433	5779
9433	1909
9433	1910
9433	8058
9433	1915
9433	1916
9433	8061
9433	6014
9433	3967
9433	3971
9433	6841
9433	6026
9433	7490
9433	664
9433	1939
9433	8857
9433	6044
9433	3997
9433	1956
9433	6054
9433	4765
9433	5679
9433	1969
9433	1971
9433	4021
9433	1974
9433	4023
9433	7156
9433	4426
9433	6133
9433	1986
9433	1987
9433	1989
9433	1992
9433	1993
9433	6093
9433	8145
9433	6098
9433	4053
9433	6102
9433	8152
9433	2009
9433	6106
9433	6107
9433	5456
9433	2018
9433	1019
9433	6116
9433	4909
9433	2027
9433	2031
9433	2033
9433	8933
9433	5118
9433	2038
9433	4087
9433	4088
9433	8186
9433	2043
9433	8188
9433	6142
9434	0
9434	4098
9434	2053
9434	6
9434	8199
9434	6152
9434	5804
9434	2058
9434	4439
9434	6156
9434	4110
9434	15
9434	16
9434	17
9434	2068
9434	8213
9434	23
9434	2072
9434	2073
9434	6170
9434	28
9434	2077
9434	30
9434	6915
9434	32
9434	33
9434	6178
9434	4131
9434	8647
9434	2054
9434	40
9434	2089
9434	4139
9434	6188
9434	8237
9434	46
9434	47
9434	8240
9434	8497
9434	5468
9434	6198
9434	6153
9434	4152
9434	57
9434	6203
9434	4156
9434	61
9434	62
9434	64
9434	66
9434	67
9434	4164
9434	4165
9434	8868
9434	6219
9434	9198
9434	77
9434	6481
9434	79
9434	2128
9434	2131
9434	85
9434	86
9434	8279
9434	8280
9434	8800
9434	4187
9434	8934
9434	96
9434	6959
9434	4194
9434	6243
9434	2148
9434	101
9434	102
9434	103
9434	104
9434	106
9434	107
9434	8302
9434	111
9434	113
9434	8306
9434	5139
9434	4213
9434	118
9434	6263
9434	9046
9434	6164
9434	4218
9434	6267
9434	4220
9434	7189
9434	6272
9434	6274
9434	7897
9434	132
9434	7190
9434	2182
9434	7925
9434	2412
9434	8416
9434	140
9434	141
9434	2190
9434	2191
9434	2192
9434	145
9434	146
9434	7779
9434	2197
9434	6002
9434	8307
9434	6852
9434	156
9434	2205
9434	4911
9434	2209
9434	164
9434	5552
9434	6310
9434	2217
9434	170
9434	4267
9434	6725
9434	5149
9434	176
9434	7780
9434	8370
9434	9307
9434	2228
9434	182
9434	4279
9434	6516
9434	2234
9434	8223
9434	8380
9434	6244
9434	190
9434	191
9434	2240
9434	8385
9434	6338
9434	6466
9434	4292
9434	2245
9434	2251
9434	208
9434	4472
9434	210
9434	8404
9434	6357
9434	5982
9434	8407
9434	216
9434	8853
9434	5839
9434	4316
9434	2271
9434	7236
9434	4321
9434	6372
9434	3110
9434	230
9434	4328
9434	2281
9434	4331
9434	4334
9434	239
9434	6384
9434	2088
9434	8434
9434	243
9434	4341
9434	246
9434	8233
9434	8669
9434	2300
9434	2301
9434	2302
9434	7919
9434	6402
9434	4355
9434	4356
9434	2309
9434	2310
9434	263
9434	8236
9434	8465
9434	5669
9434	6414
9434	9261
9434	2321
9434	2322
9434	8579
9434	8469
9434	2326
9434	2327
9434	8472
9434	4377
9434	6427
9434	8476
9434	4826
9434	9284
9434	8482
9434	2339
9434	9099
9434	2343
9434	8320
9434	6441
9434	2346
9434	2348
9434	301
9434	4398
9434	4829
9434	305
9434	6450
9434	2355
9434	308
9434	2357
9434	5193
9434	6206
9434	312
9434	2363
9434	6461
9434	2366
9434	4415
9434	2368
9434	322
9434	2443
9434	325
9434	6471
9434	328
9434	2379
9434	7717
9434	2384
9434	337
9434	6517
9434	6484
9434	4437
9434	4153
9434	4441
9434	4442
9434	7567
9434	2397
9434	8543
9434	6496
9434	4451
9434	8548
9434	2405
9434	4454
9434	2407
9434	2408
9434	4459
9434	364
9434	2413
9434	8253
9434	7912
9434	6514
9434	2419
9434	372
9434	2110
9434	4445
9434	5865
9434	2424
9434	3476
9434	2426
9434	7514
9434	8537
9434	8324
9434	4480
9434	4160
9434	7915
9434	2436
9434	2437
9434	7570
9434	6537
9434	5916
9434	395
9434	4494
9434	401
9434	4498
9434	403
9434	6549
9434	4502
9434	4503
9434	408
9434	2457
9434	2459
9434	6558
9434	4511
9434	9018
9434	3219
9434	6567
9434	8616
9434	4522
9434	6970
9434	8620
9434	2477
9434	8623
9434	4529
9434	4106
9434	5875
9434	436
9434	6581
9434	2487
9434	7516
9434	443
9434	3829
9434	2496
9434	6154
9434	6595
9434	452
9434	453
9434	455
9434	4553
9434	458
9434	6903
9434	462
9434	464
9434	4561
9434	466
9434	6611
9434	4564
9434	2517
9434	471
9434	473
9434	8668
9434	7930
9434	6623
9434	8844
9434	4577
9434	482
9434	7931
9434	485
9434	2534
9434	4583
9434	2536
9434	8956
9434	490
9434	491
9434	4589
9434	2542
9434	8353
9434	496
9434	2545
9434	2546
9434	6644
9434	4597
9434	8541
9434	4599
9434	4601
9434	9155
9434	9301
9434	8704
9434	2562
9434	5609
9434	4612
9434	2565
9434	518
9434	2570
9434	3427
9434	8716
9434	6669
9434	526
9434	2578
9434	5891
9434	532
9434	533
9434	6679
9434	4633
9434	4634
9434	6683
9434	540
9434	2589
9434	542
9434	4869
9434	545
9434	7805
9434	548
9434	4645
9434	2600
9434	6697
9434	6698
9434	6700
9434	558
9434	6703
9434	4657
9434	6706
9434	4659
9434	4662
9434	4532
9434	9311
9434	8764
9434	6720
9434	7396
9434	2626
9434	5923
9434	2629
9434	6726
9434	2631
9434	2632
9434	2828
9434	6730
9434	4683
9434	6734
9434	592
9434	4491
9434	2645
9434	8790
9434	8791
9434	6744
9434	601
9434	8794
9434	603
9434	8067
9434	6635
9434	6752
9434	609
9434	6754
9434	6757
9434	4711
9434	4714
9434	2151
9434	4882
9434	622
9434	6768
9434	9320
9434	8883
9434	8819
9434	4724
9434	2677
9434	6774
9434	8823
9434	2680
9434	6932
9434	2682
9434	9091
9434	4735
9434	640
9434	8833
9434	4738
9434	3179
9434	644
9434	6789
9434	646
9434	647
9434	6792
9434	7276
9434	7182
9434	8566
9434	2700
9434	8887
9434	9306
9434	655
9434	8848
9434	4888
9434	658
9434	6803
9434	6804
9434	661
9434	5913
9434	7683
9434	2713
9434	666
9434	2715
9434	7319
9434	2717
9434	6814
9434	672
9434	673
9434	4770
9434	6939
9434	6820
9434	8869
9434	4777
9434	682
9434	6599
9434	3186
9434	6830
9434	6831
9434	2736
9434	2739
9434	2743
9434	2744
9434	697
9434	8892
9434	4554
9434	5237
9434	2752
9434	4369
9434	6851
9434	2756
9434	2166
9434	6855
9434	6856
9434	8889
9434	8906
9434	6861
9434	718
9434	2767
9434	8912
9434	4817
9434	4818
9434	723
9434	2773
9434	4822
9434	9337
9434	728
9434	6873
9434	2778
9434	2781
9434	734
9434	6880
9434	8420
9434	7291
9434	5965
9434	6886
9434	8753
9434	745
9434	2794
9434	2795
9434	748
9434	8941
9434	750
9434	8943
9434	7731
9434	8946
9434	6900
9434	8949
9434	4855
9434	8952
9434	8011
9434	7295
9434	764
9434	7978
9434	6845
9434	4867
9434	773
9434	774
9434	777
9434	778
9434	2827
9434	780
9434	4881
9434	2834
9434	788
9434	792
9434	6937
9434	8986
9434	2843
9434	8989
9434	8154
9434	799
9434	803
9434	804
9434	6278
9434	5188
9434	807
9434	2857
9434	9004
9434	6958
9434	815
9434	6963
9434	4917
9434	4918
9434	2872
9434	9048
9434	826
9434	9021
9434	6376
9434	4929
9434	6978
9434	9029
9434	6982
9434	8673
9434	6284
9434	7052
9434	6987
9434	4329
9434	4578
9434	6990
9434	3213
9434	849
9434	850
9434	2899
9434	9045
9434	4120
9434	855
9434	7363
9434	4953
9434	858
9434	7311
9434	2874
9434	5075
9434	7653
9434	2961
9434	2913
9434	9059
9434	2916
9434	2917
9434	9167
9434	871
9434	4969
9434	8417
9434	2924
9434	2925
9434	2927
9434	6266
9434	2931
9434	4980
9434	2933
9434	2935
9434	2937
9434	4987
9434	5475
9434	4990
9434	8341
9434	7041
9434	7042
9434	899
9434	7044
9434	8980
9434	7046
9434	9095
9434	5000
9434	905
9434	7051
9434	2956
9434	9101
9434	911
9434	8012
9434	913
9434	6539
9434	5012
9434	917
9434	918
9434	7064
9434	8203
9434	9035
9434	925
9434	2974
9434	5023
9434	5009
9434	2977
9434	931
9434	2981
9434	2982
9434	5033
9434	7082
9434	9031
9434	2988
9434	4253
9434	2992
9434	7090
9434	5044
9434	5830
9434	9412
9434	955
9434	5052
9434	957
9434	7102
9434	3573
9434	7194
9434	3915
9434	5624
9434	966
9434	3015
9434	3016
9434	3916
9434	3018
9434	5556
9434	973
9434	3022
9434	5071
9434	7120
9434	5488
9434	9170
9434	3027
9434	8408
9434	983
9434	2212
9434	7130
9434	3035
9434	5084
9434	9171
9434	7135
9434	7739
9434	3043
9434	3044
9434	5093
9434	6989
9434	5096
9434	7145
9434	5098
9434	3051
9434	3052
9434	4946
9434	1006
9434	1008
9434	1010
9434	9043
9434	5108
9434	3061
9434	7158
9434	7159
9434	3064
9434	5115
9434	6314
9434	7166
9434	3072
9434	9219
9434	5125
9434	4876
9434	7175
9434	1032
9434	9225
9434	9226
9434	4951
9434	3084
9434	3085
9434	5134
9434	7341
9434	7185
9434	3091
9434	3092
9434	6445
9434	5142
9434	1048
9434	6660
9434	3098
9434	6319
9434	1052
9434	4954
9434	8572
9434	5154
9434	1059
9434	5156
9434	6662
9434	1062
9434	1063
9434	8628
9434	1069
9434	7214
9434	3119
9434	1072
9434	6105
9434	3123
9434	5172
9434	5173
9434	7222
9434	5175
9434	1081
9434	1083
9434	7230
9434	8586
9434	7232
9434	5984
9434	5186
9434	1091
9434	1092
9434	5189
9434	5985
9434	5192
9434	1097
9434	9292
9434	6398
9434	7879
9434	5199
9434	1105
9434	3155
9434	5204
9434	2574
9434	7254
9434	5208
9434	7258
9434	5211
9434	8212
9434	3165
9434	3166
9434	8037
9434	9312
9434	8457
9434	5218
9434	5220
9434	5222
9434	7272
9434	9321
9434	3178
9434	1131
9434	3180
9434	9244
9434	3261
9434	9329
9434	1138
9434	6675
9434	4286
9434	9334
9434	6559
9434	7289
9434	5242
9434	3195
9434	5244
9434	3198
9434	5247
9434	5249
9434	8032
9434	9067
9434	9350
9434	5255
9434	7304
9434	7942
9434	1164
9434	1165
9434	5262
9434	5263
9434	7312
9434	3217
9434	5266
9434	1171
9434	5268
9434	8046
9434	9214
9434	6681
9434	3225
9434	5275
9434	5277
9434	4293
9434	5280
9434	9377
9434	5659
9434	3236
9434	6518
9434	5286
9434	7335
9434	1192
9434	8564
9434	5290
9434	6791
9434	5293
9434	3248
9434	8314
9434	7347
9434	5300
9434	3253
9434	7332
9434	3258
9434	1213
9434	3262
9434	8293
9434	5496
9434	5315
9434	9336
9434	5319
9434	7369
9434	7031
9434	7714
9434	5327
9434	1232
9434	5331
9434	1236
9434	5335
9434	5668
9434	5338
9434	7387
9434	1247
9434	1248
9434	7376
9434	5346
9434	7035
9434	1252
9434	7005
9434	6353
9434	7496
9434	6547
9434	1262
9434	9085
9434	5362
9434	5363
9434	1268
9434	3317
9434	7414
9434	3320
9434	1273
9434	1276
9434	5373
9434	5374
9434	1280
9434	5377
9434	7427
9434	7428
9434	1285
9434	3336
9434	5390
9434	3629
9434	1296
9434	1297
9434	7442
9434	7043
9434	8750
9434	7446
9434	7447
9434	3352
9434	5403
9434	5406
9434	3361
9434	6363
9434	6862
9434	5415
9434	6364
9434	9107
9434	5419
9434	7468
9434	3374
9434	5425
9434	3378
9434	1331
9434	1332
9434	5429
9434	1335
9434	5433
9434	5434
9434	5343
9434	3388
9434	5437
9434	1345
9434	5442
9434	5443
9434	5446
9434	3399
9434	7069
9434	6028
9434	9147
9434	7499
9434	8774
9434	5453
9434	3408
9434	8078
9434	3414
9434	1368
9434	1369
9434	5466
9434	1371
9434	1372
9434	5469
9434	4325
9434	8080
9434	1379
9434	3296
9434	5478
9434	1383
9434	1385
9434	1389
9434	1392
9434	1393
9434	3442
9434	7539
9434	7540
9434	5493
9434	5494
9434	1399
9434	3448
9434	7060
9434	9253
9434	9288
9434	3457
9434	7554
9434	7062
9434	9011
9434	8861
9434	7562
9434	4207
9434	8864
9434	1423
9434	3798
9434	9112
9434	7160
9434	1427
9434	1428
9434	3310
9434	7088
9434	9200
9434	1433
9434	8805
9434	9254
9434	3484
9434	4677
9434	6390
9434	7586
9434	3493
9434	2289
9434	5545
9434	4679
9434	8709
9434	1454
9434	2973
9434	4481
9434	1457
9434	3508
9434	5557
9434	3510
9434	8777
9434	1464
9434	5364
9434	3516
9434	5027
9434	1470
9434	3522
9434	7619
9434	3524
9434	5573
9434	5692
9434	8097
9434	5576
9434	7756
9434	1482
9434	7627
9434	6596
9434	7593
9434	3534
9434	3535
9434	1488
9434	5585
9434	3539
9434	8782
9434	5591
9434	5595
9434	7644
9434	1502
9434	5029
9434	3553
9434	3554
9434	3555
9434	1509
9434	1510
9434	1513
9434	1515
9434	8207
9434	1522
9434	254
9434	1528
9434	1532
9434	7416
9434	8739
9434	1535
9434	7680
9434	5633
9434	7682
9434	6290
9434	1542
9434	7425
9434	5641
9434	5642
9434	7692
9434	3597
9434	5763
9434	5656
9434	8452
9434	4015
9434	7770
9434	7710
9434	5040
9434	5666
9434	2651
9434	1572
9434	4358
9434	5672
9434	5849
9434	1581
9434	3677
9434	7729
9434	7730
9434	1587
9434	7734
9434	3639
9434	7736
9434	8116
9434	3642
9434	6751
9434	3644
9434	3645
9434	5694
9434	1599
9434	9285
9434	7745
9434	1602
9434	5699
9434	1605
9434	3681
9434	6786
9434	3660
9434	1613
9434	7759
9434	3664
9434	3665
9434	5731
9434	1621
9434	1622
9434	1623
9434	5720
9434	7769
9434	1626
9434	1629
9434	1630
9434	3679
9434	1633
9434	3682
9434	3003
9434	5732
9434	3686
9434	1639
9434	3690
9434	1645
9434	3694
9434	3696
9434	3699
9434	5751
9434	3705
9434	1658
9434	7804
9434	1661
9434	7806
9434	1666
9434	1667
9434	3717
9434	7814
9434	1671
9434	7715
9434	5769
9434	8580
9434	1676
9434	3725
9434	4693
9434	7789
9434	3728
9434	5400
9434	3730
9434	6647
9434	5782
9434	5784
9434	1689
9434	1690
9434	7836
9434	7837
9434	1696
9434	5794
9434	5795
9434	3748
9434	5062
9434	1702
9434	1706
9434	3756
9434	8477
9434	5808
9434	9160
9434	3764
9434	3765
9434	7864
9434	6772
9434	3771
9434	5820
9434	5821
9434	5485
9434	5826
9434	9163
9434	3782
9434	1735
9434	3784
9434	1737
9434	7883
9434	7884
9434	3791
9434	8446
9434	3795
9434	7892
9434	7118
9434	1750
9434	7896
9434	1753
9434	5358
9434	1756
9434	3806
9434	9394
9434	1763
9434	1764
9434	1765
9434	6810
9434	7833
9434	1769
9434	8856
9434	5867
9434	5869
9434	7424
9434	3823
9434	5099
9434	1779
9434	1781
9434	3830
9434	6947
9434	3834
9434	6783
9434	298
9434	6538
9434	5889
9434	3843
9434	1797
9434	7834
9434	1800
9434	6444
9434	7127
9434	5901
9434	1807
9434	7952
9434	5905
9434	1811
9434	3861
9434	5081
9434	3865
9434	5914
9434	6447
9434	1820
9434	1821
9434	5922
9434	1827
9434	7972
9434	6449
9434	6403
9434	5929
9434	3882
9434	3883
9434	1836
9434	5933
9434	3887
9434	1848
9434	8995
9434	1850
9434	7998
9434	7477
9434	3906
9434	3907
9434	3909
9434	5961
9434	1866
9434	1867
9434	1868
9434	3917
9434	5966
9434	5968
9434	3925
9434	8246
9434	7599
9434	1886
9434	5983
9434	3936
9434	1889
9434	5986
9434	8035
9434	5988
9434	6118
9434	3946
9434	8045
9434	3950
9434	8509
9434	3952
9434	6001
9434	1906
9434	6201
9434	3960
9434	8059
9434	3964
9434	6013
9434	7497
9434	1919
9434	8520
9434	6017
9434	1923
9434	1925
9434	1926
9434	6023
9434	3976
9434	3978
9434	3979
9434	1932
9434	3981
9434	3982
9434	1935
9434	6032
9434	1937
9434	6034
9434	8083
9434	3989
9434	3990
9434	3991
9434	1944
9434	3994
9434	6043
9434	3738
9434	3999
9434	8096
9434	3056
9434	6050
9434	4763
9434	7494
9434	6058
9434	3475
9434	1967
9434	4424
9434	6066
9434	7880
9434	4020
9434	8117
9434	1975
9434	8401
9434	8124
9434	6078
9434	8127
9434	6081
9434	9136
9434	6340
9434	8133
9434	4567
9434	9207
9434	1997
9434	6094
9434	6545
9434	5112
9434	2004
9434	5796
9434	2010
9434	5878
9434	8156
9434	2013
9434	7845
9434	2016
9434	6114
9434	4067
9434	8164
9434	4070
9434	2023
9434	2026
9434	2037
9434	8873
9434	8185
9434	5802
9435	2
9435	8196
9435	8204
9435	14
9435	18
9435	22
9435	24
9435	27
9435	34
9435	42
9435	43
9435	8239
9435	8245
9435	8249
9435	60
9435	63
9435	8259
9435	8266
9435	75
9435	78
9435	81
9435	8278
9435	88
9435	89
9435	92
9435	97
9435	8292
9435	8296
9435	108
9435	8301
9435	114
9435	119
9435	120
9435	125
9435	126
9435	131
9435	8325
9435	8330
9435	139
9435	144
9435	153
9435	8346
9435	155
9435	8349
9435	8351
9435	167
9435	8360
9435	8363
9435	172
9435	8373
9435	188
9435	192
9435	193
9435	8386
9435	199
9435	8406
9435	8413
9435	229
9435	8429
9435	8431
9435	8440
9435	8442
9435	8234
9435	258
9435	8453
9435	8454
9435	8455
9435	265
9435	8462
9435	8463
9435	8464
9435	8466
9435	8468
9435	8473
9435	8474
9435	8475
9435	8479
9435	288
9435	8484
9435	293
9435	8487
9435	8494
9435	8496
9435	8500
9435	8502
9435	8503
9435	313
9435	8507
9435	318
9435	8518
9435	8522
9435	8524
9435	8526
9435	346
9435	352
9435	353
9435	356
9435	8550
9435	359
9435	362
9435	8560
9435	371
9435	8565
9435	8571
9435	380
9435	391
9435	396
9435	8592
9435	8595
9435	404
9435	8598
9435	8600
9435	409
9435	415
9435	417
9435	419
9435	8613
9435	424
9435	426
9435	8622
9435	9016
9435	433
9435	434
9435	8627
9435	439
9435	441
9435	445
9435	447
9435	8644
9435	8648
9435	8649
9435	8651
9435	8653
9435	463
9435	8656
9435	8657
9435	8663
9435	474
9435	479
9435	8672
9435	8674
9435	484
9435	8745
9435	8273
9435	488
9435	8684
9435	8685
9435	8686
9435	497
9435	509
9435	8703
9435	523
9435	525
9435	8719
9435	8725
9435	534
9435	535
9435	8730
9435	539
9435	8732
9435	8734
9435	8737
9435	550
9435	551
9435	553
9435	8754
9435	565
9435	8762
9435	8763
9435	8765
9435	8772
9435	583
9435	587
9435	8781
9435	8784
9435	8786
9435	8788
9435	8789
9435	8793
9435	605
9435	8802
9435	618
9435	620
9435	8813
9435	632
9435	633
9435	8827
9435	8828
9435	637
9435	638
9435	639
9435	645
9435	8839
9435	648
9435	8843
9435	8845
9435	657
9435	660
9435	668
9435	8862
9435	8863
9435	9024
9435	8865
9435	675
9435	677
9435	681
9435	689
9435	692
9435	693
9435	694
9435	695
9435	701
9435	8897
9435	706
9435	707
9435	8902
9435	8903
9435	8908
9435	8910
9435	8914
9435	8917
9435	8920
9435	8925
9435	736
9435	737
9435	8931
9435	8932
9435	742
9435	744
9435	8938
9435	8939
9435	8947
9435	756
9435	757
9435	8950
9435	759
9435	8955
9435	765
9435	8959
9435	769
9435	8963
9435	8967
9435	8969
9435	8970
9435	779
9435	8973
9435	8974
9435	8977
9435	787
9435	8981
9435	793
9435	808
9435	809
9435	9009
9435	823
9435	824
9435	9020
9435	829
9435	831
9435	832
9435	835
9435	9028
9435	837
9435	9034
9435	848
9435	9041
9435	9042
9435	854
9435	857
9435	860
9435	861
9435	864
9435	865
9435	866
9435	868
9435	872
9435	875
9435	9069
9435	9070
9435	9072
9435	9080
9435	895
9435	9088
9435	9089
9435	9094
9435	903
9435	908
9435	9105
9435	915
9435	9111
9435	9115
9435	9118
9435	928
9435	8347
9435	9124
9435	935
9435	9130
9435	940
9435	942
9435	9135
9435	949
9435	9142
9435	9143
9435	952
9435	9151
9435	960
9435	962
9435	963
9435	967
9435	9175
9435	9183
9435	9186
9435	9188
9435	9190
9435	1000
9435	1007
9435	9203
9435	1013
9435	1026
9435	1027
9435	9222
9435	1035
9435	1036
9435	1044
9435	1045
9435	9241
9435	9243
9435	9247
9435	1060
9435	1061
9435	9255
9435	9256
9435	9257
9435	9258
9435	9262
9435	1073
9435	1076
9435	1077
9435	1080
9435	9274
9435	9277
9435	1087
9435	9280
9435	9281
9435	1101
9435	9297
9435	9298
9435	9300
9435	1113
9435	9310
9435	1130
9435	9323
9435	9324
9435	9326
9435	1135
9435	9328
9435	9330
9435	1139
9435	1140
9435	9333
9435	9338
9435	9340
9435	1151
9435	8384
9435	9347
9435	9348
9435	1157
9435	9353
9435	1169
9435	1170
9435	1173
9435	1179
9435	9372
9435	9382
9435	9383
9435	1193
9435	1194
9435	9388
9435	9396
9435	1206
9435	1209
9435	1212
9435	9405
9435	1239
9435	1243
9435	1244
9435	1245
9435	1249
9435	1254
9435	1257
9435	1259
9435	1266
9435	1274
9435	1278
9435	1279
9435	1289
9435	1294
9435	1299
9435	1301
9435	1303
9435	1318
9435	1322
9435	1336
9435	1350
9435	1358
9435	1363
9435	1367
9435	1377
9435	1381
9435	1382
9435	1386
9435	1390
9435	1394
9435	1405
9435	1418
9435	1420
9435	1422
9435	1434
9435	1441
9435	1442
9435	1453
9435	1458
9435	1472
9435	1473
9435	1483
9435	1485
9435	1489
9435	1494
9435	1501
9435	1506
9435	1518
9435	1534
9435	1536
9435	1544
9435	1545
9435	1547
9435	1556
9435	1570
9435	1571
9435	1593
9435	1597
9435	1598
9435	1601
9435	1617
9435	1628
9435	1631
9435	1642
9435	1659
9435	1668
9435	1673
9435	1686
9435	1701
9435	1709
9435	1718
9435	1730
9435	1734
9435	1746
9435	1758
9435	1761
9435	1767
9435	1768
9435	1771
9435	1773
9435	1776
9435	1780
9435	1783
9435	1787
9435	1790
9435	1791
9435	1792
9435	1794
9435	1802
9435	1813
9435	1817
9435	1825
9435	1834
9435	1841
9435	1847
9435	1853
9435	1859
9435	1860
9435	1870
9435	1876
9435	8505
9435	1884
9435	1887
9435	1896
9435	1898
9435	1902
9435	1905
9435	1924
9435	1931
9435	1938
9435	1951
9435	1958
9435	1961
9435	1970
9435	1976
9435	1980
9435	1983
9435	1984
9435	2002
9435	2003
9435	2012
9435	2015
9435	2025
9435	2030
9435	2052
9435	2060
9435	2069
9435	8538
9435	2090
9435	2093
9435	2097
9435	2100
9435	2104
9435	2107
9435	2135
9435	2136
9435	2140
9435	2141
9435	8551
9435	2157
9435	2164
9435	2169
9435	2181
9435	2183
9435	2184
9435	2203
9435	2208
9435	2218
9435	2219
9435	2221
9435	2225
9435	8563
9435	2232
9435	2236
9435	2237
9435	2238
9435	2253
9435	2258
9435	2259
9435	2261
9435	2264
9435	2267
9435	2268
9435	2272
9435	2279
9435	2286
9435	2328
9435	2330
9435	2333
9435	2337
9435	2342
9435	2349
9435	2353
9435	2356
9435	2360
9435	2361
9435	2382
9435	2385
9435	2389
9435	2392
9435	2409
9435	2410
9435	2415
9435	2417
9435	2440
9435	2450
9435	2460
9435	2471
9435	2472
9435	2473
9435	2478
9435	2482
9435	2488
9435	2495
9435	2498
9435	2508
9435	2510
9435	8611
9435	2518
9435	2533
9435	2552
9435	2553
9435	2557
9435	2568
9435	2577
9435	2584
9435	2588
9435	2590
9435	2598
9435	2599
9435	2603
9435	2605
9435	2606
9435	2609
9435	2611
9435	2615
9435	2617
9435	2620
9435	2624
9435	2627
9435	2630
9435	2633
9435	2634
9435	2635
9435	2643
9435	2646
9435	2658
9435	2660
9435	2665
9435	2683
9435	2685
9435	2687
9435	2688
9435	2719
9435	2720
9435	2721
9435	2723
9435	2734
9435	2735
9435	2740
9435	2747
9435	2751
9435	2770
9435	2775
9435	2779
9435	2782
9435	2786
9435	2787
9435	2788
9435	2792
9435	2796
9435	2800
9435	2804
9435	2808
9435	2815
9435	2817
9435	2821
9435	2822
9435	2825
9435	2829
9435	2839
9435	8666
9435	2847
9435	2856
9435	2858
9435	2859
9435	2863
9435	2877
9435	2881
9435	2882
9435	2892
9435	2898
9435	2902
9435	2908
9435	2910
9435	2911
9435	2915
9435	2921
9435	2928
9435	2930
9435	2932
9435	2952
9435	2963
9435	2964
9435	2970
9435	2978
9435	2980
9435	2984
9435	2995
9435	2997
9435	3007
9435	8284
9435	3025
9435	3030
9435	3033
9435	3034
9435	3038
9435	3045
9435	3057
9435	3073
9435	3078
9435	3083
9435	3093
9435	3104
9435	3106
9435	3107
9435	3111
9435	3116
9435	3127
9435	3128
9435	3132
9435	3141
9435	3144
9435	3148
9435	3150
9435	8717
9435	3161
9435	3169
9435	3177
9435	3205
9435	3208
9435	3212
9435	3214
9435	3215
9435	3223
9435	3237
9435	3243
9435	3249
9435	3250
9435	3254
9435	3256
9435	3273
9435	3276
9435	3287
9435	3298
9435	3300
9435	3305
9435	3316
9435	3319
9435	3321
9435	3328
9435	3333
9435	3346
9435	3353
9435	3354
9435	3358
9435	3371
9435	3375
9435	3377
9435	3381
9435	3387
9435	3393
9435	3395
9435	3401
9435	3416
9435	3423
9435	3424
9435	3435
9435	3436
9435	3441
9435	3443
9435	3444
9435	3452
9435	3458
9435	3462
9435	3464
9435	3471
9435	3478
9435	3482
9435	3487
9435	3496
9435	3515
9435	3517
9435	3518
9435	3519
9435	3523
9435	3528
9435	3537
9435	3542
9435	3544
9435	3549
9435	3551
9435	3560
9435	3562
9435	3563
9435	3582
9435	3586
9435	3591
9435	3601
9435	3603
9435	3605
9435	3619
9435	3624
9435	3628
9435	3633
9435	3638
9435	3641
9435	3655
9435	3662
9435	3667
9435	3669
9435	3701
9435	3703
9435	3704
9435	3707
9435	3710
9435	3713
9435	3719
9435	3722
9435	3724
9435	3726
9435	3743
9435	3745
9435	3759
9435	3762
9435	3776
9435	3780
9435	3785
9435	3786
9435	3787
9435	3792
9435	3793
9435	3796
9435	3799
9435	3804
9435	3807
9435	3809
9435	3817
9435	3818
9435	8829
9435	3824
9435	3836
9435	3841
9435	3847
9435	3848
9435	3849
9435	3852
9435	3853
9435	3856
9435	3859
9435	3860
9435	3879
9435	3901
9435	3902
9435	3910
9435	3911
9435	3912
9435	3921
9435	3923
9435	3928
9435	3934
9435	3935
9435	3940
9435	3948
9435	3956
9435	3957
9435	3961
9435	3975
9435	3980
9435	3987
9435	3988
9435	3995
9435	4001
9435	4008
9435	4009
9435	4018
9435	4024
9435	4028
9435	4037
9435	4044
9435	4047
9435	4051
9435	4062
9435	4068
9435	4069
9435	4074
9435	4081
9435	4089
9435	4097
9435	4107
9435	4109
9435	4113
9435	4117
9435	4130
9435	4135
9435	4136
9435	4138
9435	4142
9435	4146
9435	8867
9435	4154
9435	4158
9435	8885
9435	4161
9435	4163
9435	4167
9435	4168
9435	4170
9435	4185
9435	4186
9435	4188
9435	4195
9435	4199
9435	4210
9435	4219
9435	4221
9435	4225
9435	4241
9435	4250
9435	4258
9435	4269
9435	4277
9435	4278
9435	4280
9435	4283
9435	4285
9435	4301
9435	4306
9435	4308
9435	4309
9435	4312
9435	4314
9435	4323
9435	4326
9435	4330
9435	4332
9435	4338
9435	4340
9435	4350
9435	4357
9435	4362
9435	4363
9435	4370
9435	4371
9435	4378
9435	4379
9435	4394
9435	4405
9435	4409
9435	4411
9435	4418
9435	4429
9435	4431
9435	4432
9435	4433
9435	4446
9435	4450
9435	8936
9435	4477
9435	4483
9435	4485
9435	4486
9435	4496
9435	4499
9435	4500
9435	4505
9435	4507
9435	4515
9435	4518
9435	4533
9435	4535
9435	4537
9435	4552
9435	4558
9435	4568
9435	8881
9435	4586
9435	4598
9435	4611
9435	4615
9435	4621
9435	4625
9435	4626
9435	4631
9435	4639
9435	4646
9435	4653
9435	4664
9435	4666
9435	4667
9435	4674
9435	4686
9435	4687
9435	4689
9435	4694
9435	4703
9435	4708
9435	4710
9435	4716
9435	4722
9435	4734
9435	4742
9435	4743
9435	4747
9435	4748
9435	4752
9435	4753
9435	4757
9435	4762
9435	4769
9435	4793
9435	4799
9435	4800
9435	4802
9435	4806
9435	4812
9435	4824
9435	4828
9435	4835
9435	4846
9435	4852
9435	4853
9435	4856
9435	4871
9435	4872
9435	4877
9435	4880
9435	4887
9435	4902
9435	4906
9435	4926
9435	4928
9435	4930
9435	4934
9435	4945
9435	4960
9435	4963
9435	4977
9435	4988
9435	4993
9435	4999
9435	5006
9435	5007
9435	5010
9435	5016
9435	5022
9435	5030
9435	5034
9435	5042
9435	5046
9435	5051
9435	5063
9435	5066
9435	5069
9435	5082
9435	5087
9435	5091
9435	5101
9435	5102
9435	5114
9435	5119
9435	5129
9435	5135
9435	5145
9435	5148
9435	5155
9435	5158
9435	5166
9435	5176
9435	5177
9435	5179
9435	5181
9435	5182
9435	9057
9435	5196
9435	9058
9435	5200
9435	5202
9435	5206
9435	5214
9435	5224
9435	5228
9435	5231
9435	5234
9435	5235
9435	5238
9435	5239
9435	5245
9435	5254
9435	5257
9435	5281
9435	5306
9435	5309
9435	5318
9435	5337
9435	5350
9435	5367
9435	5368
9435	5372
9435	5376
9435	5380
9435	5383
9435	5386
9435	5389
9435	5396
9435	5397
9435	5409
9435	5411
9435	5413
9435	5420
9435	5424
9435	5436
9435	5445
9435	5448
9435	5449
9435	5457
9435	5470
9435	5472
9435	5473
9435	5474
9435	5481
9435	5484
9435	8639
9435	5498
9435	5514
9435	5519
9435	5522
9435	5528
9435	5530
9435	5539
9435	5565
9435	5570
9435	5572
9435	5575
9435	5578
9435	5599
9435	5603
9435	5607
9435	5611
9435	5613
9435	5622
9435	5626
9435	5627
9435	5638
9435	5640
9435	5645
9435	5647
9435	5648
9435	5649
9435	5652
9435	5653
9435	5654
9435	5658
9435	5660
9435	5662
9435	5670
9435	5680
9435	5685
9435	5690
9435	5697
9435	5704
9435	5706
9435	5711
9435	5724
9435	5725
9435	5733
9435	5735
9435	5745
9435	5754
9435	5762
9435	5778
9435	5780
9435	5781
9435	5797
9435	5803
9435	5805
9435	5813
9435	5819
9435	5829
9435	5834
9435	5840
9435	5841
9435	5844
9435	5846
9435	5855
9435	5863
9435	5868
9435	5870
9435	5871
9435	5872
9435	5876
9435	5881
9435	5888
9435	5908
9435	5911
9435	5912
9435	5915
9435	5918
9435	5919
9435	5920
9435	5927
9435	5934
9435	5935
9435	5947
9435	5948
9435	5951
9435	5969
9435	5971
9435	5973
9435	5978
9435	6007
9435	6016
9435	6025
9435	6036
9435	6037
9435	6039
9435	6046
9435	6064
9435	6072
9435	6104
9435	6115
9435	6117
9435	6121
9435	6125
9435	6128
9435	6134
9435	6140
9435	6159
9435	6160
9435	6186
9435	6189
9435	6191
9435	6194
9435	6204
9435	6207
9435	6214
9435	6215
9435	9228
9435	6220
9435	6229
9435	6234
9435	6236
9435	6238
9435	6240
9435	6242
9435	6248
9435	6249
9435	6250
9435	6251
9435	6253
9435	6258
9435	6259
9435	6270
9435	6271
9435	6273
9435	6275
9435	6279
9435	6281
9435	6282
9435	6287
9435	6289
9435	6293
9435	6294
9435	6301
9435	6305
9435	6306
9435	6309
9435	6312
9435	6316
9435	6320
9435	6331
9435	6333
9435	6347
9435	6351
9435	6359
9435	6362
9435	6366
9435	6369
9435	6377
9435	6381
9435	6392
9435	6396
9435	6401
9435	6404
9435	6406
9435	6415
9435	6422
9435	6423
9435	6440
9435	6443
9435	6465
9435	6467
9435	6468
9435	6474
9435	6475
9435	6476
9435	6478
9435	6485
9435	6489
9435	6495
9435	6499
9435	6505
9435	6520
9435	6527
9435	6534
9435	6536
9435	6543
9435	6552
9435	6556
9435	6566
9435	6568
9435	6579
9435	6583
9435	6591
9435	6593
9435	6594
9435	6598
9435	6600
9435	6604
9435	6605
9435	6610
9435	6613
9435	6629
9435	6641
9435	6646
9435	6651
9435	6661
9435	6674
9435	6676
9435	6688
9435	6690
9435	6693
9435	6709
9435	6710
9435	6713
9435	6715
9435	6728
9435	6738
9435	6741
9435	6746
9435	6748
9435	6759
9435	6782
9435	6790
9435	6797
9435	6799
9435	6802
9435	6805
9435	6806
9435	9327
9435	6826
9435	6827
9435	6832
9435	6837
9435	6840
9435	9332
9435	6842
9435	6844
9435	6850
9435	6853
9435	6859
9435	6881
9435	6887
9435	6905
9435	6922
9435	6924
9435	6931
9435	6946
9435	6965
9435	6967
9435	6979
9435	6980
9435	6985
9435	6986
9435	6988
9435	6993
9435	6994
9435	6995
9435	7000
9435	7012
9435	9361
9435	7024
9435	7025
9435	7036
9435	7038
9435	7048
9435	7049
9435	7061
9435	7065
9435	7083
9435	7095
9435	7097
9435	7100
9435	7107
9435	7124
9435	7132
9435	7164
9435	7165
9435	7168
9435	7192
9435	7201
9435	7208
9435	7216
9435	7226
9435	7227
9435	7228
9435	7231
9435	7233
9435	7246
9435	7249
9435	7250
9435	7262
9435	7266
9435	7268
9435	7273
9435	7275
9435	7292
9435	7307
9435	7314
9435	7325
9435	7327
9435	7336
9435	7340
9435	7343
9435	7350
9435	7358
9435	7364
9435	7366
9435	7367
9435	7371
9435	7380
9435	7383
9435	7390
9435	7395
9435	7413
9435	7433
9435	7444
9435	7452
9435	7456
9435	7467
9435	7474
9435	7479
9435	7483
9435	7503
9435	7507
9435	7519
9435	7521
9435	7528
9435	7535
9435	8779
9435	7541
9435	7556
9435	7565
9435	7568
9435	7582
9435	7585
9435	7588
9435	7589
9435	7590
9435	7597
9435	7600
9435	7608
9435	7614
9435	7616
9435	7637
9435	7647
9435	7656
9435	7659
9435	7664
9435	7666
9435	7672
9435	7673
9435	7681
9435	7686
9435	7705
9435	7708
9435	7711
9435	7712
9435	7727
9435	7733
9435	7740
9435	7752
9435	7754
9435	7755
9435	7762
9435	7763
9435	7774
9435	7782
9435	7786
9435	7791
9435	7794
9435	7795
9435	7796
9435	7798
9435	7800
9435	7807
9435	7809
9435	7811
9435	7817
9435	7819
9435	7820
9435	7828
9435	7832
9435	7840
9435	7841
9435	7844
9435	7847
9435	7848
9435	7849
9435	7850
9435	7852
9435	7855
9435	7857
9435	7865
9435	7870
9435	7876
9435	7886
9435	7894
9435	7895
9435	7899
9435	7901
9435	7908
9435	7909
9435	7913
9435	7918
9435	7922
9435	7927
9435	7928
9435	7932
9435	7935
9435	7938
9435	7943
9435	7944
9435	7946
9435	7948
9435	7951
9435	7956
9435	7966
9435	7973
9435	7980
9435	7993
9435	7997
9435	8008
9435	8022
9435	8028
9435	8031
9435	8034
9435	8048
9435	8052
9435	8063
9435	8068
9435	8070
9435	8077
9435	8092
9435	8093
9435	8099
9435	8100
9435	8101
9435	8122
9435	8128
9435	8137
9435	8143
9435	8148
9435	8151
9435	8155
9435	8157
9435	8160
9435	8167
9435	8180
9435	8183
9436	8194
9436	8209
9436	21
9436	8225
9436	8226
9436	39
9436	44
9436	8238
9436	49
9436	8244
9436	55
9436	59
9436	8254
9436	8256
9436	65
9436	8261
9436	8263
9436	8274
9436	83
9436	90
9436	91
9436	8285
9436	8289
9436	100
9436	116
9436	117
9436	8312
9436	121
9436	124
9436	8318
9436	8323
9436	8328
9436	8331
9436	8333
9436	8339
9436	152
9436	8345
9436	157
9436	159
9436	8356
9436	8362
9436	171
9436	8366
9436	8368
9436	177
9436	181
9436	8376
9436	185
9436	8382
9436	8387
9436	196
9436	200
9436	8396
9436	206
9436	212
9436	8405
9436	219
9436	8412
9436	223
9436	226
9436	8423
9436	8424
9436	8231
9436	8430
9436	8438
9436	249
9436	8444
9436	260
9436	262
9436	8458
9436	8459
9436	282
9436	285
9436	287
9436	289
9436	290
9436	294
9436	8489
9436	8491
9436	8495
9436	311
9436	315
9436	8508
9436	8514
9436	323
9436	331
9436	332
9436	336
9436	8529
9436	8530
9436	8531
9436	342
9436	8536
9436	349
9436	8542
9436	8545
9436	355
9436	365
9436	8559
9436	373
9436	376
9436	378
9436	8573
9436	382
9436	385
9436	8578
9436	388
9436	393
9436	399
9436	400
9436	8594
9436	8608
9436	418
9436	8612
9436	421
9436	423
9436	428
9436	8621
9436	437
9436	8630
9436	8636
9436	454
9436	8650
9436	8654
9436	465
9436	475
9436	8677
9436	8681
9436	494
9436	8688
9436	8275
9436	501
9436	8696
9436	505
9436	507
9436	513
9436	514
9436	516
9436	517
9436	528
9436	8724
9436	8282
9436	8735
9436	544
9436	8283
9436	8742
9436	8743
9436	552
9436	555
9436	8749
9436	559
9436	563
9436	8757
9436	568
9436	574
9436	8767
9436	8768
9436	584
9436	589
9436	597
9436	599
9436	600
9436	8797
9436	607
9436	8803
9436	612
9436	8806
9436	8808
9436	619
9436	621
9436	8816
9436	8818
9436	629
9436	630
9436	8826
9436	636
9436	642
9436	8835
9436	651
9436	8847
9436	656
9436	665
9436	8860
9436	671
9436	676
9436	8870
9436	8872
9436	8874
9436	683
9436	8876
9436	8877
9436	686
9436	8879
9436	690
9436	8891
9436	708
9436	715
9436	719
9436	725
9436	726
9436	8919
9436	730
9436	8924
9436	739
9436	741
9436	743
9436	8316
9436	749
9436	8942
9436	752
9436	8945
9436	8948
9436	760
9436	761
9436	8954
9436	766
9436	771
9436	8971
9436	784
9436	791
9436	8987
9436	797
9436	8991
9436	805
9436	814
9436	9007
9436	816
9436	817
9436	820
9436	9013
9436	9015
9436	825
9436	9019
9436	828
9436	9023
9436	9025
9436	9027
9436	838
9436	843
9436	845
9436	852
9436	9053
9436	863
9436	9062
9436	9063
9436	9071
9436	880
9436	9077
9436	886
9436	888
9436	890
9436	891
9436	893
9436	898
9436	901
9436	902
9436	9102
9436	8344
9436	9106
9436	9110
9436	9113
9436	923
9436	926
9436	927
9436	9121
9436	9123
9436	9127
9436	9129
9436	9132
9436	941
9436	947
9436	950
9436	9146
9436	956
9436	9152
9436	9156
9436	968
9436	970
9436	9164
9436	9168
9436	9174
9436	985
9436	9178
9436	987
9436	9181
9436	990
9436	991
9436	992
9436	9187
9436	998
9436	999
9436	1001
9436	9204
9436	9213
9436	9217
9436	9218
9436	9223
9436	1033
9436	9229
9436	9230
9436	9232
9436	9233
9436	9236
9436	9238
9436	9239
9436	9242
9436	1051
9436	1054
9436	1058
9436	8369
9436	1067
9436	1068
9436	1070
9436	1075
9436	1078
9436	9271
9436	1085
9436	9278
9436	9279
9436	9287
9436	1098
9436	9291
9436	1109
9436	9303
9436	9304
9436	1123
9436	1133
9436	1136
9436	1143
9436	1146
9436	1148
9436	9343
9436	1156
9436	9349
9436	9351
9436	9354
9436	1175
9436	1177
9436	9371
9436	1180
9436	1181
9436	1184
9436	9379
9436	9380
9436	1189
9436	1196
9436	9391
9436	9392
9436	1203
9436	9404
9436	1215
9436	9409
9436	1218
9436	9411
9436	1223
9436	1225
9436	1233
9436	1238
9436	1272
9436	1283
9436	1284
9436	1293
9436	1305
9436	1307
9436	1309
9436	1333
9436	1338
9436	1343
9436	1352
9436	1370
9436	1374
9436	1376
9436	1397
9436	1408
9436	1409
9436	1411
9436	1429
9436	1432
9436	1451
9436	1456
9436	1465
9436	1477
9436	1491
9436	1503
9436	1505
9436	1508
9436	1519
9436	1537
9436	1538
9436	1539
9436	1543
9436	1561
9436	1565
9436	1577
9436	1591
9436	1600
9436	1606
9436	1607
9436	1614
9436	1615
9436	1625
9436	1632
9436	1637
9436	1640
9436	1643
9436	1651
9436	1662
9436	1692
9436	1705
9436	1710
9436	1713
9436	1715
9436	1720
9436	1722
9436	1724
9436	1725
9436	1729
9436	1732
9436	8481
9436	1736
9436	1742
9436	1749
9436	1751
9436	1760
9436	1762
9436	1778
9436	1784
9436	1788
9436	1795
9436	1796
9436	1798
9436	1810
9436	1812
9436	1816
9436	1822
9436	1824
9436	1828
9436	1831
9436	1843
9436	1845
9436	1865
9436	1874
9436	1875
9436	1879
9436	1888
9436	1891
9436	316
9436	1920
9436	1928
9436	1940
9436	1948
9436	1950
9436	1952
9436	1954
9436	1965
9436	1988
9436	2001
9436	2007
9436	2011
9436	8528
9436	2019
9436	2022
9436	2028
9436	2029
9436	2034
9436	339
9436	2039
9436	2042
9436	2049
9436	2056
9436	2071
9436	2079
9436	2085
9436	2091
9436	2105
9436	2118
9436	2120
9436	2123
9436	2134
9436	2139
9436	2145
9436	2147
9436	2149
9436	2158
9436	2161
9436	2163
9436	2165
9436	2167
9436	2170
9436	2171
9436	2175
9436	2188
9436	2193
9436	2194
9436	2196
9436	2198
9436	2199
9436	2202
9436	2211
9436	2231
9436	2239
9436	2241
9436	2246
9436	2248
9436	8570
9436	2273
9436	2274
9436	2287
9436	2291
9436	2305
9436	2306
9436	2311
9436	386
9436	2319
9436	2336
9436	2340
9436	2344
9436	2347
9436	2351
9436	2352
9436	2370
9436	2373
9436	2374
9436	2376
9436	2387
9436	2393
9436	2394
9436	2395
9436	2396
9436	2399
9436	2401
9436	2406
9436	2414
9436	2420
9436	2428
9436	2429
9436	2432
9436	2433
9436	2441
9436	2446
9436	2449
9436	2456
9436	2475
9436	2492
9436	2499
9436	2503
9436	2504
9436	2506
9436	2507
9436	2509
9436	2514
9436	2522
9436	2528
9436	8615
9436	2543
9436	2544
9436	2548
9436	2556
9436	2564
9436	2571
9436	2576
9436	2580
9436	2596
9436	2636
9436	2650
9436	2661
9436	2666
9436	2671
9436	2678
9436	2691
9436	2703
9436	2705
9436	2710
9436	2722
9436	2737
9436	2738
9436	2742
9436	2746
9436	2753
9436	2758
9436	2761
9436	2762
9436	2766
9436	2769
9436	2771
9436	2772
9436	2802
9436	2803
9436	2805
9436	2809
9436	2811
9436	2823
9436	2830
9436	2832
9436	2844
9436	2860
9436	2861
9436	2867
9436	2869
9436	2871
9436	2887
9436	2890
9436	2894
9436	2897
9436	2901
9436	2906
9436	2909
9436	2912
9436	2929
9436	2938
9436	2943
9436	2945
9436	2947
9436	2951
9436	2960
9436	2965
9436	2971
9436	2972
9436	2983
9436	2991
9436	8691
9436	3004
9436	3005
9436	3012
9436	3014
9436	3026
9436	3032
9436	3037
9436	3046
9436	3059
9436	3071
9436	3077
9436	3079
9436	3082
9436	8706
9436	3087
9436	3089
9436	3094
9436	3100
9436	3108
9436	3109
9436	3120
9436	3126
9436	3137
9436	3140
9436	3167
9436	3168
9436	3170
9436	3173
9436	3183
9436	3188
9436	3189
9436	1897
9436	3202
9436	3203
9436	3207
9436	3209
9436	3216
9436	3230
9436	3238
9436	3240
9436	3241
9436	3246
9436	3257
9436	3264
9436	3265
9436	3268
9436	3269
9436	3274
9436	3278
9436	3281
9436	3303
9436	3304
9436	3306
9436	3311
9436	3324
9436	3325
9436	3341
9436	3343
9436	8751
9436	3366
9436	3369
9436	3385
9436	3392
9436	3398
9436	3400
9436	3407
9436	3410
9436	3412
9436	3417
9436	3419
9436	3432
9436	3434
9436	8766
9436	3450
9436	3454
9436	3455
9436	3459
9436	3460
9436	3461
9436	3472
9436	3473
9436	3492
9436	3494
9436	3497
9436	3500
9436	3509
9436	3526
9436	3561
9436	3566
9436	3567
9436	3580
9436	3581
9436	3593
9436	3599
9436	3607
9436	3611
9436	3617
9436	3623
9436	3656
9436	611
9436	3670
9436	3678
9436	3687
9436	3695
9436	3698
9436	3708
9436	624
9436	3751
9436	3752
9436	3761
9436	3774
9436	8821
9436	3789
9436	3803
9436	3805
9436	3808
9436	3810
9436	3811
9436	3813
9436	3821
9436	3826
9436	3827
9436	3844
9436	3846
9436	3855
9436	3857
9436	3858
9436	3869
9436	3873
9436	3875
9436	3881
9436	3888
9436	3896
9436	3899
9436	3905
9436	3914
9436	3922
9436	3926
9436	3931
9436	3932
9436	3939
9436	3942
9436	3949
9436	3955
9436	3958
9436	3962
9436	3963
9436	4004
9436	4010
9436	4011
9436	2035
9436	4033
9436	4038
9436	4042
9436	4045
9436	4050
9436	4054
9436	4071
9436	4082
9436	4085
9436	4090
9436	4093
9436	4102
9436	4105
9436	4116
9436	4123
9436	4128
9436	4132
9436	4133
9436	4134
9436	4162
9436	4171
9436	4174
9436	4177
9436	4178
9436	4214
9436	4216
9436	4228
9436	4242
9436	4270
9436	4271
9436	4273
9436	4274
9436	4281
9436	4287
9436	4291
9436	4302
9436	4310
9436	8911
9436	4318
9436	4352
9436	4354
9436	4368
9436	4372
9436	4375
9436	4380
9436	8922
9436	4382
9436	4392
9436	4393
9436	4395
9436	4397
9436	4400
9436	4401
9436	4403
9436	4407
9436	4408
9436	4416
9436	4419
9436	4422
9436	4425
9436	4430
9436	4438
9436	4448
9436	4469
9436	4470
9436	4488
9436	4489
9436	4516
9436	4530
9436	4531
9436	4539
9436	4541
9436	4544
9436	4572
9436	762
9436	4584
9436	4591
9436	8958
9436	4600
9436	4606
9436	4614
9436	4616
9436	4622
9436	8610
9436	4642
9436	4643
9436	4644
9436	4647
9436	4669
9436	4678
9436	4681
9436	4682
9436	4690
9436	4698
9436	4699
9436	4705
9436	4712
9436	4715
9436	4717
9436	4720
9436	4739
9436	4741
9436	4744
9436	4746
9436	4760
9436	795
9436	4773
9436	4784
9436	4786
9436	4787
9436	4788
9436	4790
9436	4807
9436	4813
9436	4819
9436	4820
9436	4831
9436	4839
9436	4844
9436	4854
9436	4883
9436	4885
9436	4889
9436	4891
9436	4892
9436	4894
9436	9008
9436	4901
9436	4923
9436	4931
9436	4936
9436	4939
9436	4942
9436	9017
9436	4956
9436	4968
9436	4974
9436	4985
9436	4991
9436	5004
9436	5019
9436	5048
9436	5050
9436	5056
9436	5057
9436	5059
9436	5067
9436	5085
9436	5088
9436	5089
9436	5100
9436	5103
9436	9044
9436	5120
9436	5122
9436	5126
9436	5127
9436	5137
9436	5140
9436	5144
9436	5146
9436	5147
9436	5150
9436	5162
9436	5164
9436	5183
9436	5184
9436	5187
9436	5195
9436	5198
9436	5201
9436	5209
9436	5213
9436	5216
9436	5223
9436	5233
9436	5259
9436	5261
9436	5267
9436	5292
9436	5294
9436	5298
9436	5301
9436	5303
9436	5305
9436	5314
9436	5317
9436	5321
9436	5322
9436	5324
9436	5325
9436	5334
9436	9082
9436	5344
9436	9083
9436	5351
9436	5356
9436	5359
9436	5379
9436	5384
9436	5387
9436	5408
9436	5416
9436	5417
9436	5421
9436	5426
9436	5441
9436	5455
9436	5483
9436	5500
9436	5505
9436	5506
9436	5510
9436	5520
9436	5525
9436	5526
9436	5529
9436	5532
9436	5536
9436	5544
9436	5551
9436	5562
9436	5566
9436	5582
9436	5584
9436	5586
9436	5587
9436	5601
9436	5614
9436	5618
9436	5623
9436	5630
9436	5632
9436	5634
9436	5676
9436	5678
9436	5682
9436	5687
9436	5696
9436	5707
9436	5709
9436	5712
9436	5714
9436	5716
9436	5717
9436	5726
9436	5728
9436	5730
9436	5738
9436	5746
9436	5747
9436	5748
9436	5750
9436	5756
9436	5761
9436	5768
9436	5787
9436	5790
9436	5792
9436	5799
9436	5801
9436	5810
9436	5815
9436	5824
9436	5828
9436	5845
9436	5848
9436	5850
9436	5854
9436	5858
9436	5877
9436	5880
9436	5885
9436	5895
9436	5898
9436	5906
9436	5907
9436	5932
9436	5936
9436	5942
9436	5943
9436	5944
9436	5957
9436	5974
9436	5987
9436	5989
9436	5992
9436	5994
9436	9191
9436	5999
9436	6004
9436	6008
9436	6012
9436	6019
9436	6027
9436	6031
9436	6040
9436	6049
9436	6051
9436	6069
9436	6076
9436	6079
9436	6082
9436	6083
9436	6084
9436	6090
9436	6097
9436	6100
9436	6103
9436	6109
9436	6110
9436	6120
9436	6123
9436	6124
9436	6129
9436	6145
9436	6169
9436	6174
9436	6183
9436	6184
9436	6199
9436	6200
9436	6202
9436	6208
9436	6213
9436	1037
9436	6226
9436	6228
9436	6237
9436	6239
9436	1040
9436	6247
9436	6254
9436	6276
9436	6297
9436	6315
9436	6324
9436	9246
9436	6326
9436	6334
9436	6339
9436	6341
9436	6355
9436	6365
9436	6367
9436	6385
9436	6393
9436	6394
9436	6395
9436	6399
9436	9259
9436	6407
9436	6408
9436	6409
9436	6410
9436	6413
9436	6421
9436	6425
9436	6426
9436	6430
9436	6448
9436	9267
9436	6462
9436	6469
9436	6487
9436	6491
9436	6501
9436	6503
9436	6511
9436	6515
9436	6522
9436	6531
9436	6532
9436	6535
9436	6546
9436	6561
9436	6562
9436	6572
9436	6584
9436	6585
9436	6601
9436	6606
9436	6612
9436	6628
9436	6640
9436	6653
9436	6655
9436	6665
9436	6671
9436	6682
9436	6685
9436	6691
9436	6694
9436	6695
9436	6702
9436	6708
9436	6723
9436	6729
9436	6732
9436	6749
9436	6755
9436	6758
9436	6769
9436	6773
9436	6788
9436	6795
9436	6798
9436	6808
9436	6809
9436	6811
9436	6813
9436	6815
9436	6818
9436	6823
9436	6825
9436	6834
9436	6863
9436	6866
9436	6872
9436	6876
9436	6878
9436	6884
9436	6891
9436	6894
9436	6899
9436	6902
9436	6909
9436	6910
9436	6914
9436	6920
9436	6927
9436	6928
9436	6940
9436	6941
9436	6942
9436	6948
9436	6955
9436	6957
9436	6964
9436	6968
9436	6997
9436	7003
9436	7006
9436	7007
9436	7008
9436	7009
9436	7018
9436	7019
9436	7028
9436	7040
9436	9367
9436	7054
9436	7058
9436	7068
9436	7075
9436	7079
9436	7084
9436	7085
9436	7089
9436	7091
9436	7099
9436	9376
9436	7112
9436	7114
9436	7115
9436	7123
9436	7126
9436	7128
9436	7136
9436	7137
9436	7143
9436	7146
9436	7153
9436	7157
9436	7170
9436	7172
9436	7180
9436	7191
9436	7196
9436	7199
9436	7203
9436	7207
9436	7213
9436	7218
9436	7221
9436	7229
9436	7241
9436	7242
9436	7244
9436	7245
9436	7252
9436	7255
9436	7260
9436	7270
9436	7277
9436	7278
9436	7280
9436	7284
9436	7287
9436	7299
9436	7313
9436	7315
9436	7316
9436	7323
9436	7324
9436	7333
9436	7334
9436	7351
9436	7359
9436	7360
9436	7361
9436	7384
9436	7385
9436	7388
9436	7394
9436	7398
9436	7399
9436	7404
9436	7406
9436	7408
9436	7420
9436	7422
9436	7423
9436	7429
9436	7431
9436	7432
9436	7457
9436	7464
9436	7471
9436	7478
9436	7492
9436	7534
9436	7543
9436	7551
9436	7552
9436	7553
9436	7558
9436	7560
9436	7561
9436	7574
9436	7579
9436	7587
9436	7594
9436	7603
9436	7605
9436	7617
9436	7623
9436	7628
9436	7629
9436	7630
9436	7636
9436	7638
9436	7640
9436	7645
9436	7648
9436	7662
9436	7669
9436	7676
9436	7677
9436	7684
9436	7689
9436	7690
9436	7702
9436	7713
9436	7718
9436	7719
9436	7720
9436	7721
9436	7748
9436	7758
9436	7761
9436	7764
9436	7771
9436	7777
9436	7790
9436	7797
9436	7802
9436	7816
9436	7827
9436	7842
9436	7851
9436	7858
9436	7863
9436	7873
9436	7890
9436	7891
9436	7904
9436	7906
9436	7921
9436	7929
9436	7941
9436	7971
9436	7982
9436	8013
9436	8015
9436	8017
9436	8023
9436	8027
9436	8029
9436	8042
9436	8044
9436	8056
9436	8064
9436	8065
9436	8066
9436	8071
9436	8075
9436	8076
9436	8079
9436	8085
9436	8107
9436	8108
9436	8111
9436	8113
9436	8114
9436	8132
9436	8138
9436	8142
9436	8144
9436	8168
9436	8174
9436	8176
9436	8190
9437	9414
9437	9415
9437	9416
9437	9417
9437	9418
9437	9419
9437	9420
9437	9421
9437	9422
9437	9423
9437	9424
9437	9425
9437	9426
9437	9427
9437	9428
9437	9429
9437	9430
9437	9431
9437	9432
9437	9433
9437	9434
9437	9435
9437	9436
